22 0.072265625 0.7096354166666666 0.1259765625 0.6744791666666666 0.150390625 0.65234375 0.1044921875 0.5208333333333334 0.025390625 0.57421875 0.060546875 0.69140625 0.06640625 0.70703125
20 0.55859375 0.70703125 0.626953125 0.6549479166666666 0.5654296875 0.5234375 0.49609375 0.5716145833333334 0.55078125 0.7018229166666666
34 0.322265625 0.8841145833333334 0.396484375 0.82421875 0.359375 0.7200520833333334 0.34375 0.6809895833333334 0.3388671875 0.6770833333333334 0.26171875 0.7356770833333334 0.3125 0.87890625 0.3173828125 0.8854166666666666
36 0.23828125 0.5950520833333334 0.306640625 0.5481770833333334 0.2890625 0.4934895833333333 0.2568359375 0.421875 0.185546875 0.4700520833333333 0.228515625 0.5924479166666666
29 0.76953125 0.7330729166666666 0.8310546875 0.6848958333333334 0.833984375 0.67578125 0.7734375 0.5559895833333334 0.7646484375 0.546875 0.7001953125 0.59375 0.69921875 0.6028645833333334 0.759765625 0.7278645833333334 0.7646484375 0.734375
7 0.484375 0.76171875 0.552734375 0.7096354166666666 0.4951171875 0.5729166666666666 0.4736328125 0.5833333333333334 0.421875 0.6236979166666666 0.4765625 0.76171875
9 0.15625 0.65234375 0.228515625 0.6002604166666666 0.2265625 0.5846354166666666 0.1826171875 0.4713541666666667 0.107421875 0.51953125 0.1484375 0.64453125 0.1533203125 0.6536458333333334
2 0.83984375 0.6783854166666666 0.8955078125 0.6354166666666666 0.900390625 0.6236979166666666 0.8359375 0.50390625 0.8291015625 0.5026041666666666 0.771484375 0.5481770833333334 0.828125 0.6653645833333334 0.8369140625 0.6796875
47 0.404296875 0.82421875 0.4765625 0.7669270833333334 0.4208984375 0.625 0.3720703125 0.65625 0.34375 0.6809895833333334 0.390625 0.8059895833333334 0.3984375 0.82421875
41 0.435546875 0.39453125 0.49609375 0.3528645833333333 0.4482421875 0.24479166666666666 0.4345703125 0.24739583333333334 0.380859375 0.2825520833333333 0.421875 0.3841145833333333 0.4287109375 0.3958333333333333
42 0.501953125 0.3528645833333333 0.5625 0.3111979166666667 0.5107421875 0.20572916666666666 0.451171875 0.24088541666666666 0.453125 0.2565104166666667 0.46484375 0.2747395833333333 0.49609375 0.3502604166666667
43 0.5703125 0.30859375 0.625 0.26953125 0.5732421875 0.16927083333333334 0.5615234375 0.171875 0.513671875 0.20442708333333334 0.560546875 0.3059895833333333
44 0.62890625 0.2669270833333333 0.685546875 0.22786458333333334 0.68359375 0.21744791666666666 0.6298828125 0.12760416666666666 0.57421875 0.16536458333333334
26 0.90625 0.6263020833333334 0.9638671875 0.5833333333333334 0.96484375 0.57421875 0.8984375 0.45703125 0.8896484375 0.4557291666666667 0.833984375 0.4986979166666667 0.900390625 0.6236979166666666