9 0.0380859375 0.671875 0.03515625 0.7981770833333334 0.0517578125 0.8020833333333334 0.1083984375 0.7864583333333334 0.111328125 0.7721354166666666 0.107421875 0.6575520833333334
10 0.1123046875 0.6510416666666666 0.111328125 0.7799479166666666 0.1298828125 0.78125 0.1845703125 0.765625 0.1796875 0.6419270833333334 0.1650390625 0.6380208333333334
11 0.1826171875 0.6354166666666666 0.1796875 0.6497395833333334 0.185546875 0.76171875 0.2548828125 0.7473958333333334 0.248046875 0.6236979166666666 0.2392578125 0.6197916666666666
12 0.2529296875 0.6223958333333334 0.25 0.6419270833333334 0.2578125 0.74609375 0.2705078125 0.75 0.3271484375 0.734375 0.330078125 0.7252604166666666 0.31640625 0.6106770833333334 0.3115234375 0.6067708333333334
1 0.3193359375 0.6015625 0.328125 0.72265625 0.3408203125 0.7265625 0.3974609375 0.7109375 0.400390625 0.7044270833333334 0.384765625 0.58984375 0.3740234375 0.5859375
7 0.8115234375 0.328125 0.822265625 0.4283854166666667 0.8779296875 0.4322916666666667 0.880859375 0.4231770833333333 0.869140625 0.3346354166666667 0.8623046875 0.328125
5 0.4267578125 0.3776041666666667 0.423828125 0.38671875 0.43359375 0.4830729166666667 0.4931640625 0.4765625 0.49609375 0.4700520833333333 0.484375 0.3736979166666667 0.4814453125 0.3697916666666667
18 0.4873046875 0.3697916666666667 0.484375 0.3736979166666667 0.49609375 0.47265625 0.4990234375 0.4765625 0.5556640625 0.4661458333333333 0.544921875 0.3658854166666667 0.5380859375 0.3619791666666667
22 0.7373046875 0.5729166666666666 0.734375 0.58984375 0.751953125 0.6940104166666666 0.7607421875 0.6979166666666666 0.8154296875 0.6901041666666666 0.818359375 0.67578125 0.798828125 0.5716145833333334
23 0.8017578125 0.5703125 0.80078125 0.5846354166666666 0.8203125 0.6888020833333334 0.8818359375 0.6848958333333334 0.8828125 0.6705729166666666 0.861328125 0.56640625
24 0.8662109375 0.5651041666666666 0.86328125 0.57421875 0.884765625 0.68359375 0.8916015625 0.6875 0.9462890625 0.6796875 0.947265625 0.66796875 0.923828125 0.5638020833333334 0.9111328125 0.5598958333333334
47 0.693359375 0.3216145833333333 0.697265625 0.4205729166666667 0.7568359375 0.4244791666666667 0.759765625 0.41015625 0.751953125 0.32421875
42 0.7294921875 0.15104166666666666 0.7265625 0.16015625 0.7568359375 0.23958333333333334 0.80859375 0.22265625 0.7783203125 0.13802083333333334
43 0.7841796875 0.13541666666666666 0.78125 0.14453125 0.8095703125 0.22135416666666666 0.859375 0.20703125 0.8271484375 0.125
44 0.8330078125 0.12239583333333333 0.830078125 0.12890625 0.8623046875 0.20833333333333334 0.9052734375 0.19791666666666666 0.91015625 0.19140625 0.8759765625 0.11197916666666667
34 0.7548828125 0.328125 0.759765625 0.4283854166666667 0.8193359375 0.4322916666666667 0.822265625 0.4283854166666667 0.810546875 0.33203125
39 0.2294921875 0.28125 0.224609375 0.2903645833333333 0.2783203125 0.3619791666666667 0.32421875 0.31640625 0.32421875 0.30859375 0.2724609375 0.24479166666666666
28 0.2763671875 0.23177083333333334 0.271484375 0.24088541666666666 0.3232421875 0.3072916666666667 0.3671875 0.2669270833333333 0.3154296875 0.19791666666666666
29 0.3291015625 0.1875 0.3203125 0.19921875 0.3720703125 0.2682291666666667 0.4140625 0.22786458333333334 0.4140625 0.22005208333333334 0.3623046875 0.15885416666666666
30 0.3681640625 0.15625 0.369140625 0.16536458333333334 0.4189453125 0.2265625 0.4609375 0.18619791666666666 0.4580078125 0.17708333333333334 0.4072265625 0.12239583333333333
31 0.4169921875 0.10416666666666667 0.408203125 0.11848958333333333 0.4619140625 0.1796875 0.498046875 0.14192708333333334 0.4912109375 0.12760416666666666 0.4462890625 0.078125
26 0.5478515625 0.359375 0.544921875 0.3684895833333333 0.556640625 0.4622395833333333 0.5654296875 0.4661458333333333 0.6181640625 0.4583333333333333 0.60546875 0.3580729166666667 0.5849609375 0.3541666666666667