49 0.65625 0.2903645833333333 0.716796875 0.2565104166666667 0.716796875 0.24609375 0.6630859375 0.14583333333333334 0.59765625 0.17838541666666666 0.599609375 0.19401041666666666 0.64453125 0.2877604166666667
50 0.72265625 0.25390625 0.7783203125 0.2265625 0.783203125 0.22005208333333334 0.783203125 0.21223958333333334 0.7294921875 0.11458333333333333 0.6806640625 0.13541666666666666 0.666015625 0.14713541666666666 0.716796875 0.24348958333333334 0.716796875 0.2513020833333333
51 0.7890625 0.21744791666666666 0.8310546875 0.19791666666666666 0.84765625 0.18359375 0.845703125 0.17317708333333334 0.7919921875 0.08333333333333333 0.7470703125 0.1015625 0.73046875 0.11328125 0.78515625 0.21744791666666666
37 0.21484375 0.5768229166666666 0.29296875 0.5325520833333334 0.2734375 0.4596354166666667 0.2509765625 0.3958333333333333 0.171875 0.4388020833333333 0.203125 0.56640625 0.2099609375 0.578125
38 0.30078125 0.5299479166666666 0.376953125 0.4856770833333333 0.3310546875 0.3567708333333333 0.25390625 0.3971354166666667 0.2890625 0.5143229166666666 0.294921875 0.5299479166666666
39 0.3828125 0.4856770833333333 0.455078125 0.4440104166666667 0.455078125 0.43359375 0.4091796875 0.3177083333333333 0.3427734375 0.3489583333333333 0.333984375 0.3580729166666667 0.376953125 0.4830729166666667
28 0.462890625 0.44140625 0.53125 0.40234375 0.52734375 0.3815104166666667 0.4833984375 0.2786458333333333 0.412109375 0.31640625 0.45703125 0.44140625
29 0.654296875 0.7981770833333334 0.732421875 0.7408854166666666 0.669921875 0.6002604166666666 0.6611328125 0.5885416666666666 0.583984375 0.6393229166666666 0.642578125 0.7877604166666666 0.6494140625 0.7994791666666666
30 0.740234375 0.73828125 0.810546875 0.6888020833333334 0.8046875 0.66796875 0.7412109375 0.5390625 0.666015625 0.5872395833333334 0.724609375 0.72265625 0.7333984375 0.7395833333333334
31 0.81640625 0.68359375 0.8779296875 0.6432291666666666 0.88671875 0.62890625 0.8203125 0.4986979166666667 0.8115234375 0.4921875 0.7470703125 0.5338541666666666 0.744140625 0.54296875 0.810546875 0.6809895833333334
10 0.19921875 0.9075520833333334 0.2890625 0.8502604166666666 0.287109375 0.83203125 0.2451171875 0.6848958333333334 0.2294921875 0.6901041666666666 0.15625 0.7356770833333334 0.185546875 0.8736979166666666 0.193359375 0.9049479166666666
11 0.30078125 0.84765625 0.3828125 0.79296875 0.3349609375 0.6328125 0.248046875 0.68359375 0.2890625 0.8424479166666666 0.2919921875 0.8489583333333334
12 0.390625 0.79296875 0.47265625 0.7408854166666666 0.47265625 0.73046875 0.458984375 0.6888020833333334 0.4208984375 0.5833333333333334 0.3505859375 0.6223958333333334 0.337890625 0.6341145833333334 0.380859375 0.7825520833333334 0.3857421875 0.7942708333333334