13 0.4345703125 0.10416666666666667 0.43359375 0.28515625 0.4384765625 0.2916666666666667 0.5322265625 0.2890625 0.533203125 0.10807291666666667
19 0.12109375 0.50390625 0.111328125 0.66015625 0.2099609375 0.671875 0.2265625 0.4830729166666667 0.1279296875 0.4713541666666667
22 0.595703125 0.4986979166666667 0.580078125 0.6002604166666666 0.5830078125 0.6197916666666666 0.7158203125 0.6588541666666666 0.72265625 0.6549479166666666 0.740234375 0.54296875 0.7392578125 0.5260416666666666 0.6123046875 0.4895833333333333 0.5986328125 0.4895833333333333
0 0.412109375 0.4622395833333333 0.4013671875 0.5546875 0.5263671875 0.5885416666666666 0.541015625 0.5846354166666666 0.556640625 0.4778645833333333 0.5537109375 0.4583333333333333 0.4228515625 0.4244791666666667 0.41796875 0.4283854166666667
5 0.537109375 0.7486979166666666 0.5361328125 0.78125 0.6748046875 0.8177083333333334 0.6953125 0.6861979166666666 0.5537109375 0.6458333333333334
6 0.443359375 0.33984375 0.431640625 0.4205729166666667 0.4345703125 0.4270833333333333 0.5576171875 0.4609375 0.572265625 0.45703125 0.587890625 0.3528645833333333 0.5849609375 0.3307291666666667 0.4541015625 0.296875 0.44921875 0.3033854166666667
27 0.447265625 0.80859375 0.439453125 0.90234375 0.4423828125 0.9270833333333334 0.5634765625 0.9453125 0.5859375 0.94140625 0.595703125 0.8216145833333334 0.5908203125 0.8046875 0.4541015625 0.7838541666666666
37 0.318359375 0.72265625 0.3193359375 0.7473958333333334 0.4150390625 0.7708333333333334 0.419921875 0.76171875 0.4453125 0.58203125 0.4306640625 0.5729166666666666 0.3486328125 0.5546875 0.341796875 0.5716145833333334
29 0.21875 0.58203125 0.208984375 0.7174479166666666 0.2392578125 0.7265625 0.3095703125 0.7317708333333334 0.314453125 0.7252604166666666 0.326171875 0.54296875 0.3095703125 0.5364583333333334 0.2275390625 0.5286458333333334 0.22265625 0.53515625
31 0.244140625 0.41015625 0.228515625 0.49609375 0.2314453125 0.5104166666666666 0.3623046875 0.5494791666666666 0.373046875 0.5403645833333334 0.392578125 0.4283854166666667 0.3896484375 0.4192708333333333 0.2646484375 0.3802083333333333 0.25 0.3841145833333333
49 0.4296875 0.68359375 0.4228515625 0.7604166666666666 0.5185546875 0.7838541666666666 0.5234375 0.7721354166666666 0.544921875 0.5950520833333334 0.4501953125 0.5703125 0.4453125 0.5794270833333334