13 0.4921875 0.7509765625 0.4934895833333333 0.794921875 0.5703125 0.7939453125 0.5690104166666666 0.751953125
18 0.6002604166666666 0.12109375 0.5885416666666666 0.1318359375 0.6184895833333334 0.154296875 0.6692708333333334 0.1240234375 0.6393229166666666 0.099609375
19 0.7408854166666666 0.173828125 0.7213541666666666 0.1904296875 0.76171875 0.220703125 0.7747395833333334 0.220703125 0.8020833333333334 0.2021484375 0.7591145833333334 0.166015625
20 0.7174479166666666 0.287109375 0.7135416666666666 0.2939453125 0.73828125 0.318359375 0.7513020833333334 0.31640625 0.796875 0.2919921875 0.76953125 0.263671875
21 0.5598958333333334 0.3818359375 0.5546875 0.4306640625 0.6028645833333334 0.435546875 0.6119791666666666 0.3857421875 0.5924479166666666 0.380859375
25 0.2981770833333333 0.34765625 0.2942708333333333 0.3544921875 0.3294270833333333 0.396484375 0.3723958333333333 0.3779296875 0.3372395833333333 0.333984375
25 0.6614583333333334 0.1845703125 0.6588541666666666 0.2314453125 0.70703125 0.234375 0.7109375 0.1865234375 0.6731770833333334 0.181640625
14 0.5846354166666666 0.24609375 0.58984375 0.28125 0.64453125 0.279296875 0.6588541666666666 0.2744140625 0.6497395833333334 0.240234375
15 0.8502604166666666 0.453125 0.8463541666666666 0.4599609375 0.87109375 0.505859375 0.921875 0.4951171875 0.89453125 0.4453125
16 0.4244791666666667 0.3525390625 0.40625 0.3720703125 0.4622395833333333 0.40234375 0.4921875 0.3740234375 0.44140625 0.34375
16 0.7591145833333334 0.51171875 0.7669270833333334 0.55078125 0.8294270833333334 0.546875 0.8411458333333334 0.5419921875 0.8294270833333334 0.505859375
14 0.2916666666666667 0.7060546875 0.2903645833333333 0.71484375 0.3346354166666667 0.736328125 0.3802083333333333 0.6865234375 0.3372395833333333 0.662109375
24 0.23177083333333334 0.4130859375 0.2265625 0.4248046875 0.23046875 0.4296875 0.2955729166666667 0.443359375 0.3125 0.4091796875 0.24348958333333334 0.392578125
21 0.5325520833333334 0.83984375 0.53125 0.8505859375 0.5768229166666666 0.89453125 0.6223958333333334 0.8662109375 0.5716145833333334 0.81640625
18 0.109375 0.5947265625 0.10807291666666667 0.603515625 0.17057291666666666 0.62890625 0.20052083333333334 0.5927734375 0.13411458333333334 0.56640625
23 0.21223958333333334 0.513671875 0.1875 0.5341796875 0.23828125 0.572265625 0.2760416666666667 0.5419921875 0.22786458333333334 0.505859375
40 0.3059895833333333 0.5078125 0.3020833333333333 0.5146484375 0.3294270833333333 0.560546875 0.3776041666666667 0.5458984375 0.3502604166666667 0.49609375
46 0.6484375 0.3427734375 0.6497395833333334 0.365234375 0.69140625 0.37109375 0.6979166666666666 0.3662109375 0.7083333333333334 0.3212890625 0.66015625 0.3125
46 0.13802083333333334 0.7119140625 0.13541666666666666 0.7158203125 0.14453125 0.72265625 0.19401041666666666 0.75 0.20833333333333334 0.7431640625 0.23177083333333334 0.7177734375 0.23046875 0.712890625 0.17317708333333334 0.681640625
45 0.76953125 0.658203125 0.7630208333333334 0.6669921875 0.7981770833333334 0.71484375 0.8463541666666666 0.6962890625 0.80859375 0.64453125
47 0.8893229166666666 0.587890625 0.8854166666666666 0.5908203125 0.9153645833333334 0.642578125 0.9661458333333334 0.6298828125 0.9361979166666666 0.576171875
48 0.16015625 0.3359375 0.15885416666666666 0.3876953125 0.20963541666666666 0.388671875 0.2109375 0.3369140625
48 0.5364583333333334 0.3173828125 0.5234375 0.3642578125 0.5716145833333334 0.37109375 0.5859375 0.3212890625 0.55078125 0.314453125
49 0.24088541666666666 0.755859375 0.23697916666666666 0.7666015625 0.2591145833333333 0.818359375 0.3125 0.8017578125 0.2877604166666667 0.744140625
50 0.22916666666666666 0.2724609375 0.2265625 0.3095703125 0.2721354166666667 0.314453125 0.2786458333333333 0.3095703125 0.2838541666666667 0.2626953125 0.23307291666666666 0.259765625
42 0.63671875 0.61328125 0.67578125 0.6640625 0.7213541666666666 0.6435546875 0.6783854166666666 0.59375
43 0.24479166666666666 0.6240234375 0.2421875 0.6298828125 0.2981770833333333 0.666015625 0.3333333333333333 0.6357421875 0.2799479166666667 0.59765625
43 0.14973958333333334 0.44921875 0.14583333333333334 0.4521484375 0.17578125 0.498046875 0.22395833333333334 0.4833984375 0.2109375 0.4560546875 0.19140625 0.43359375
52 0.44921875 0.126953125 0.44921875 0.1640625 0.5130208333333334 0.1630859375 0.5143229166666666 0.12890625
44 0.6106770833333334 0.50390625 0.5989583333333334 0.5126953125 0.62890625 0.541015625 0.6875 0.5107421875 0.6575520833333334 0.48046875
32 0.7486979166666666 0.337890625 0.7473958333333334 0.3427734375 0.7825520833333334 0.3828125 0.8255208333333334 0.3662109375 0.8255208333333334 0.3603515625 0.7903645833333334 0.322265625
32 0.7369791666666666 0.8193359375 0.7317708333333334 0.8310546875 0.73828125 0.8359375 0.78515625 0.8515625 0.8151041666666666 0.7958984375 0.7643229166666666 0.775390625
33 0.64453125 0.69140625 0.640625 0.6962890625 0.6653645833333334 0.732421875 0.734375 0.7060546875 0.7096354166666666 0.669921875
34 0.8424479166666666 0.732421875 0.8541666666666666 0.7939453125 0.9049479166666666 0.791015625 0.9088541666666666 0.7783203125 0.8958333333333334 0.7294921875
34 0.4192708333333333 0.7177734375 0.3958333333333333 0.7724609375 0.44921875 0.787109375 0.4739583333333333 0.7294921875 0.42578125 0.71484375
38 0.62109375 0.779296875 0.6223958333333334 0.7880859375 0.65234375 0.81640625 0.7135416666666666 0.7822265625 0.6809895833333334 0.74609375
33 0.62109375 0.564453125 0.6197916666666666 0.5732421875 0.6497395833333334 0.599609375 0.7083333333333334 0.5654296875 0.67578125 0.53515625
39 0.3528645833333333 0.4375 0.3489583333333333 0.4443359375 0.3541666666666667 0.4501953125 0.3841145833333333 0.470703125 0.42578125 0.4453125 0.4348958333333333 0.4345703125 0.3997395833333333 0.41015625
29 0.8372395833333334 0.626953125 0.8658854166666666 0.681640625 0.9166666666666666 0.6669921875 0.8841145833333334 0.61328125
28 0.3190104166666667 0.201171875 0.3046875 0.2138671875 0.34765625 0.248046875 0.3854166666666667 0.2275390625 0.3424479166666667 0.189453125
7 0.5611979166666666 0.201171875 0.5572916666666666 0.2080078125 0.57421875 0.236328125 0.6380208333333334 0.2197265625 0.62109375 0.189453125
8 0.5078125 0.6806640625 0.4765625 0.7099609375 0.5143229166666666 0.73828125 0.5677083333333334 0.6943359375 0.5299479166666666 0.666015625
9 0.45703125 0.53125 0.453125 0.5458984375 0.4596354166666667 0.572265625 0.5338541666666666 0.5634765625 0.5247395833333334 0.525390625
10 0.4453125 0.2001953125 0.4466145833333333 0.232421875 0.48828125 0.236328125 0.5130208333333334 0.2333984375 0.5143229166666666 0.19921875 0.44921875 0.1953125
10 0.22395833333333334 0.1337890625 0.22135416666666666 0.1787109375 0.26953125 0.181640625 0.2734375 0.1318359375
11 0.7578125 0.4443359375 0.7565104166666666 0.4765625 0.8098958333333334 0.4794921875 0.80859375 0.42578125 0.76171875 0.423828125
12 0.5182291666666666 0.6025390625 0.5130208333333334 0.6142578125 0.5559895833333334 0.634765625 0.5963541666666666 0.5888671875 0.5533854166666666 0.56640625
12 0.7330729166666666 0.599609375 0.7291666666666666 0.6044921875 0.75390625 0.63671875 0.8203125 0.6142578125 0.8151041666666666 0.6005859375 0.79296875 0.576171875
1 0.3151041666666667 0.2900390625 0.3072916666666667 0.3017578125 0.3606770833333333 0.33203125 0.390625 0.3056640625 0.3893229166666667 0.30078125 0.33984375 0.2734375
2 0.4518229166666667 0.283203125 0.4479166666666667 0.2919921875 0.4674479166666667 0.333984375 0.515625 0.3232421875 0.4934895833333333 0.275390625
2 0.36328125 0.603515625 0.359375 0.6083984375 0.3893229166666667 0.66015625 0.4375 0.6435546875 0.4075520833333333 0.58984375
1 0.6549479166666666 0.40234375 0.6536458333333334 0.4130859375 0.66796875 0.439453125 0.7369791666666666 0.4228515625 0.7200520833333334 0.388671875
4 0.4440104166666667 0.4765625 0.4401041666666667 0.4853515625 0.4544270833333333 0.515625 0.5234375 0.5009765625 0.5091145833333334 0.46484375
40 0.3463541666666667 0.8623046875 0.3411458333333333 0.8740234375 0.3893229166666667 0.89453125 0.4296875 0.8369140625 0.3815104166666667 0.81640625