22 0.18359375 0.5846354166666666 0.181640625 0.7330729166666666 0.2626953125 0.7395833333333334 0.267578125 0.6966145833333334 0.26953125 0.58203125 0.1865234375 0.5755208333333334
23 0.26953125 0.5794270833333334 0.267578125 0.7330729166666666 0.3505859375 0.7369791666666666 0.35546875 0.5794270833333334
14 0.138671875 0.18880208333333334 0.13671875 0.3372395833333333 0.2177734375 0.3411458333333333 0.220703125 0.18619791666666666
15 0.22265625 0.18880208333333334 0.220703125 0.33984375 0.3017578125 0.34375 0.3046875 0.18880208333333334
16 0.3076171875 0.19010416666666666 0.3046875 0.33984375 0.3095703125 0.3463541666666667 0.3857421875 0.3463541666666667 0.388671875 0.19401041666666666
17 0.3916015625 0.1875 0.388671875 0.33984375 0.3935546875 0.3463541666666667 0.4697265625 0.3463541666666667 0.470703125 0.18880208333333334
25 0.7451171875 0.7630208333333334 0.7421875 0.9205729166666666 0.8251953125 0.9244791666666666 0.826171875 0.7669270833333334
18 0.6630859375 0.09375 0.66015625 0.24869791666666666 0.7392578125 0.25 0.7421875 0.10026041666666667
45 0.578125 0.09244791666666667 0.576171875 0.24348958333333334 0.6572265625 0.24739583333333334 0.66015625 0.09505208333333333
5 0.7451171875 0.09635416666666667 0.7421875 0.24869791666666666 0.8212890625 0.2526041666666667 0.822265625 0.10026041666666667
6 0.580078125 0.47265625 0.578125 0.6236979166666666 0.6611328125 0.6276041666666666 0.6640625 0.4752604166666667 0.6416015625 0.46875
12 0.57421875 0.7643229166666666 0.572265625 0.91796875 0.5771484375 0.9244791666666666 0.6552734375 0.9244791666666666 0.658203125 0.7643229166666666
46 0.49609375 0.47265625 0.49609375 0.6236979166666666 0.5751953125 0.6276041666666666 0.578125 0.47265625
26 0.6640625 0.4752604166666667 0.662109375 0.6263020833333334 0.7451171875 0.6302083333333334 0.748046875 0.4778645833333333 0.7041015625 0.4713541666666667
33 0.7490234375 0.4765625 0.748046875 0.6315104166666666 0.8271484375 0.6354166666666666 0.830078125 0.48046875
52 0.66015625 0.7643229166666666 0.658203125 0.9231770833333334 0.7392578125 0.9270833333333334 0.7421875 0.7669270833333334