5 0.18603833432786526 0.2911090413885087 0.2801105486672386 0.29017299945478353 0.28432273736900165 0.46802096686255407 0.18954849157933437 0.46802096686255407
4 0.37909698315866885 0.2920450833222338 0.47527529184892364 0.2920450833222338 0.4759773232992175 0.46989305073000437 0.37979901460896265 0.46989305073000437
33 0.634765625 0.30859375 0.631828305264448 0.47270117653117966 0.7275390625 0.4713541666666667 0.7336228655570535 0.2929811252559589 0.6474609375 0.2916666666666667 0.636040493966211 0.2920450833222337
33 0.7350269284576412 0.2920450833222337 0.73046875 0.4700520833333333 0.8248869540952516 0.47270117653117966 0.828125 0.41015625 0.830078125 0.2955729166666667 0.7529296875 0.2916666666666667
42 0.86328125 0.5559895833333334 0.859375 0.6471354166666666 0.8642578125 0.6536458333333334 0.9501953125 0.65625 0.95703125 0.6497395833333334 0.96484375 0.51171875 0.9666973070546055 0.47831742813353034 0.8681640625 0.4765625
41 0.767578125 0.5169270833333334 0.763671875 0.6497395833333334 0.8564453125 0.6536458333333334 0.8649027467619999 0.4764453442660801 0.7705078125 0.4765625
51 0.669921875 0.4778645833333333 0.66796875 0.6471354166666666 0.6748046875 0.6536458333333334 0.7645122493699821 0.6524212278064004 0.765625 0.6158854166666666 0.7659163122705698 0.47363721846490475 0.6865234375 0.4739583333333333
15 0.5615234375 0.4739583333333333 0.55859375 0.6471354166666666 0.6474609375 0.6536458333333334 0.65234375 0.6471354166666666 0.654296875 0.6236979166666666 0.654296875 0.4778645833333333
14 0.4677734375 0.4739583333333333 0.46484375 0.6471354166666666 0.5537109375 0.6510416666666666 0.55859375 0.6184895833333334 0.55859375 0.4778645833333333
14 0.37109375 0.4752604166666667 0.37109375 0.6471354166666666 0.4619140625 0.6484375 0.462890625 0.4752604166666667
24 0.2802734375 0.4713541666666667 0.275390625 0.4778645833333333 0.27734375 0.64453125 0.3681640625 0.6484375 0.369140625 0.4752604166666667
20 0.18112411417580843 0.4727011765311796 0.18182614562610222 0.5269916086872359 0.18359375 0.6419270833333334 0.1884765625 0.6484375 0.2744140625 0.6484375 0.27734375 0.6341145833333334 0.2758983599654756 0.4717651345974544
19 0.0869140625 0.4739583333333333 0.091796875 0.6419270833333334 0.1005859375 0.6484375 0.18323020852668995 0.649613102005225 0.18359375 0.61328125 0.17972005127522078 0.4717651345974545