49 0.771484375 0.36328125 0.775390625 0.29296875 0.7734375 0.19401041666666666 0.6845703125 0.19010416666666666 0.681640625 0.19661458333333334 0.6796875 0.3580729166666667 0.6826171875 0.3619791666666667
50 0.86328125 0.3658854166666667 0.865234375 0.20182291666666666 0.8623046875 0.19791666666666666 0.7783203125 0.19270833333333334 0.775390625 0.19661458333333334 0.7734375 0.3606770833333333 0.7763671875 0.3645833333333333 0.8115234375 0.3671875
51 0.951171875 0.3684895833333333 0.955078125 0.3606770833333333 0.955078125 0.20182291666666666 0.9501953125 0.19791666666666666 0.8681640625 0.1953125 0.865234375 0.19921875 0.865234375 0.36328125 0.8701171875 0.3671875
37 0.232421875 0.3997395833333333 0.234375 0.23046875 0.1435546875 0.22916666666666666 0.140625 0.3971354166666667 0.1435546875 0.4010416666666667
38 0.32421875 0.4049479166666667 0.328125 0.40234375 0.328125 0.23307291666666666 0.2392578125 0.22916666666666666 0.236328125 0.23307291666666666 0.234375 0.2981770833333333 0.234375 0.40234375
39 0.41796875 0.4075520833333333 0.421875 0.40234375 0.421875 0.23828125 0.4189453125 0.234375 0.3310546875 0.234375 0.328125 0.4049479166666667
28 0.51171875 0.4075520833333333 0.513671875 0.23828125 0.4267578125 0.234375 0.421875 0.24088541666666666 0.421875 0.4049479166666667 0.4248046875 0.4088541666666667
29 0.5546875 0.86328125 0.55859375 0.8606770833333334 0.556640625 0.6861979166666666 0.5537109375 0.6822916666666666 0.4677734375 0.6822916666666666 0.46484375 0.6861979166666666 0.46484375 0.86328125
30 0.6484375 0.86328125 0.65234375 0.8606770833333334 0.65234375 0.6888020833333334 0.6240234375 0.6822916666666666 0.5615234375 0.6822916666666666 0.55859375 0.6861979166666666 0.55859375 0.8606770833333334 0.5615234375 0.8645833333333334
31 0.740234375 0.8606770833333334 0.74609375 0.8528645833333334 0.744140625 0.6861979166666666 0.7412109375 0.6822916666666666 0.6533203125 0.6822916666666666 0.65234375 0.8580729166666666 0.6552734375 0.8619791666666666
10 0.142578125 0.70703125 0.146484375 0.53515625 0.1435546875 0.53125 0.0537109375 0.53125 0.048828125 0.7044270833333334 0.0537109375 0.7083333333333334
11 0.234375 0.7096354166666666 0.240234375 0.5377604166666666 0.2373046875 0.5338541666666666 0.1494140625 0.5338541666666666 0.14453125 0.70703125
12 0.330078125 0.7122395833333334 0.333984375 0.70703125 0.3359375 0.5403645833333334 0.3330078125 0.5364583333333334 0.2431640625 0.5364583333333334 0.23828125 0.7096354166666666 0.2451171875 0.7135416666666666