45 0.197265625 0.12369791666666667 0.1953125 0.2747395833333333 0.2744140625 0.2786458333333333 0.279296875 0.12630208333333334
46 0.279296875 0.12630208333333334 0.27734375 0.2747395833333333 0.2822265625 0.28125 0.3583984375 0.28125 0.361328125 0.12890625
47 0.3642578125 0.12239583333333333 0.361328125 0.27734375 0.4404296875 0.28125 0.443359375 0.12630208333333334
48 0.4453125 0.12369791666666667 0.443359375 0.27734375 0.5224609375 0.28125 0.52734375 0.22786458333333334 0.52734375 0.12630208333333334
5 0.68359375 0.2513020833333333 0.68359375 0.3997395833333333 0.7666015625 0.4010416666666667 0.767578125 0.2513020833333333
6 0.7685546875 0.24739583333333334 0.76953125 0.3997395833333333 0.8486328125 0.4010416666666667 0.8515625 0.3658854166666667 0.84765625 0.24869791666666666
7 0.8505859375 0.24739583333333334 0.8515625 0.3971354166666667 0.9326171875 0.3984375 0.9296875 0.24609375
39 0.2890625 0.4440104166666667 0.2890625 0.5950520833333334 0.3701171875 0.5963541666666666 0.375 0.4440104166666667 0.3134765625 0.4375 0.2939453125 0.4375
28 0.375 0.4440104166666667 0.373046875 0.5950520833333334 0.4541015625 0.5963541666666666 0.45703125 0.4466145833333333 0.4248046875 0.4401041666666667
29 0.45703125 0.4440104166666667 0.45703125 0.5950520833333334 0.5361328125 0.5963541666666666 0.5390625 0.4440104166666667
30 0.5419921875 0.4427083333333333 0.5390625 0.5950520833333334 0.6201171875 0.5989583333333334 0.62109375 0.4440104166666667
19 0.6845703125 0.7369791666666666 0.6796875 0.7434895833333334 0.681640625 0.89453125 0.7626953125 0.8984375 0.765625 0.7408854166666666
20 0.7666015625 0.7369791666666666 0.765625 0.8919270833333334 0.8486328125 0.8958333333333334 0.84765625 0.73828125
21 0.8505859375 0.7369791666666666 0.8515625 0.89453125 0.9326171875 0.8958333333333334 0.93359375 0.7434895833333334 0.9287109375 0.7369791666666666
41 0.080078125 0.67578125 0.078125 0.8268229166666666 0.0849609375 0.8333333333333334 0.1591796875 0.8307291666666666 0.162109375 0.67578125
42 0.1640625 0.67578125 0.1640625 0.8294270833333334 0.2431640625 0.8307291666666666 0.24609375 0.6731770833333334
43 0.2509765625 0.6692708333333334 0.24609375 0.67578125 0.24609375 0.82421875 0.2509765625 0.8307291666666666 0.3291015625 0.828125 0.33203125 0.6705729166666666