19 0.2255859375 0.28125 0.22265625 0.3190104166666667 0.2265625 0.44921875 0.2314453125 0.4557291666666667 0.3154296875 0.4557291666666667 0.3203125 0.4466145833333333 0.31640625 0.28515625 0.3037109375 0.2786458333333333
16 0.3173828125 0.28125 0.3203125 0.4518229166666667 0.4091796875 0.4557291666666667 0.41015625 0.2825520833333333
17 0.412109375 0.2825520833333333 0.4140625 0.4518229166666667 0.5009765625 0.4557291666666667 0.505859375 0.4361979166666667 0.50390625 0.2825520833333333
7 0.568359375 0.2799479166666667 0.56640625 0.4518229166666667 0.6591796875 0.453125 0.6640625 0.2825520833333333 0.6572265625 0.2760416666666667
12 0.6640625 0.30859375 0.662109375 0.44921875 0.6669921875 0.4557291666666667 0.7568359375 0.453125 0.76171875 0.27734375 0.6689453125 0.2760416666666667
3 0.763671875 0.27734375 0.759765625 0.4518229166666667 0.8505859375 0.4557291666666667 0.85546875 0.4440104166666667 0.861328125 0.2799479166666667 0.8447265625 0.2734375
34 0.2060546875 0.4583333333333333 0.203125 0.5143229166666666 0.208984375 0.62890625 0.2998046875 0.6302083333333334 0.298828125 0.4622395833333333
37 0.3017578125 0.4583333333333333 0.298828125 0.5065104166666666 0.302734375 0.62890625 0.3916015625 0.6328125 0.396484375 0.62109375 0.39453125 0.4622395833333333
40 0.4072265625 0.4583333333333333 0.408203125 0.62890625 0.4970703125 0.6328125 0.5 0.4596354166666667
46 0.5029296875 0.4583333333333333 0.501953125 0.6315104166666666 0.5927734375 0.6328125 0.59375 0.4596354166666667
49 0.6171875 0.4596354166666667 0.615234375 0.6315104166666666 0.7080078125 0.6354166666666666 0.712890625 0.4596354166666667
52 0.7265625 0.4622395833333333 0.724609375 0.6315104166666666 0.8173828125 0.6354166666666666 0.822265625 0.6028645833333334 0.82421875 0.4596354166666667 0.7666015625 0.4557291666666667
41 0.826171875 0.4596354166666667 0.8203125 0.6315104166666666 0.9130859375 0.6354166666666666 0.921875 0.4596354166666667