13 0.0888671875 0.5546875 0.083984375 0.5638020833333334 0.0947265625 0.6171875 0.1142578125 0.6119791666666666 0.169921875 0.5794270833333334 0.1552734375 0.5234375
18 0.208984375 0.30078125 0.20703125 0.30859375 0.2138671875 0.3151041666666667 0.2666015625 0.3333333333333333 0.28515625 0.28515625 0.2255859375 0.2630208333333333
19 0.298828125 0.44921875 0.27734375 0.4856770833333333 0.3330078125 0.5338541666666666 0.359375 0.4934895833333333 0.361328125 0.4830729166666667 0.3115234375 0.4401041666666667
20 0.1669921875 0.3723958333333333 0.162109375 0.3815104166666667 0.1923828125 0.4192708333333333 0.244140625 0.36328125 0.2177734375 0.328125 0.2119140625 0.328125
21 0.2744140625 0.3567708333333333 0.232421875 0.4127604166666667 0.2333984375 0.421875 0.2646484375 0.4505208333333333 0.2705078125 0.4505208333333333 0.3125 0.3919270833333333 0.3076171875 0.3802083333333333
22 0.62890625 0.20703125 0.609375 0.23567708333333334 0.609375 0.24348958333333334 0.6611328125 0.2838541666666667 0.685546875 0.24348958333333334 0.6357421875 0.203125
23 0.5732421875 0.4557291666666667 0.564453125 0.4674479166666667 0.564453125 0.4752604166666667 0.6123046875 0.53125 0.6484375 0.4908854166666667 0.5966796875 0.4296875
24 0.3056640625 0.3046875 0.298828125 0.31640625 0.3251953125 0.3541666666666667 0.37890625 0.3059895833333333 0.3525390625 0.2682291666666667
25 0.2705078125 0.23177083333333334 0.265625 0.23828125 0.267578125 0.24348958333333334 0.3095703125 0.2864583333333333 0.33984375 0.25390625 0.3349609375 0.23958333333333334 0.2998046875 0.20572916666666666
14 0.439453125 0.3346354166666667 0.427734375 0.3971354166666667 0.4716796875 0.4088541666666667 0.48828125 0.3346354166666667 0.4501953125 0.3229166666666667 0.4443359375 0.3229166666666667
15 0.4365234375 0.11197916666666667 0.4375 0.12369791666666667 0.4541015625 0.15625 0.505859375 0.12890625 0.4873046875 0.08854166666666667
16 0.47265625 0.14973958333333334 0.4609375 0.17838541666666666 0.5087890625 0.20833333333333334 0.517578125 0.20182291666666666 0.533203125 0.17317708333333334 0.5322265625 0.1640625 0.4853515625 0.13802083333333334
17 0.544921875 0.13671875 0.5458984375 0.15104166666666666 0.5888671875 0.18229166666666666 0.615234375 0.14713541666666666 0.5654296875 0.109375
40 0.203125 0.5690104166666666 0.19921875 0.5872395833333334 0.2021484375 0.5963541666666666 0.2509765625 0.6041666666666666 0.26953125 0.5169270833333334 0.2646484375 0.5104166666666666 0.2197265625 0.5052083333333334
45 0.1630859375 0.4505208333333333 0.16015625 0.45703125 0.1708984375 0.5078125 0.240234375 0.48046875 0.2275390625 0.4244791666666667
46 0.310546875 0.6627604166666666 0.30859375 0.6809895833333334 0.3134765625 0.6848958333333334 0.3818359375 0.7057291666666666 0.396484375 0.63671875 0.3271484375 0.6145833333333334
47 0.3681640625 0.4557291666666667 0.3671875 0.46484375 0.3818359375 0.5130208333333334 0.447265625 0.4830729166666667 0.4306640625 0.4270833333333333
48 0.3408203125 0.3645833333333333 0.341796875 0.4049479166666667 0.3466796875 0.421875 0.412109375 0.4049479166666667 0.4052734375 0.3515625
49 0.49609375 0.7200520833333334 0.4951171875 0.7473958333333334 0.5458984375 0.7630208333333334 0.5625 0.6627604166666666 0.5107421875 0.6458333333333334
50 0.6455078125 0.5520833333333334 0.630859375 0.5768229166666666 0.6845703125 0.6432291666666666 0.720703125 0.6002604166666666 0.7099609375 0.5807291666666666 0.6669921875 0.53125
51 0.6337890625 0.3958333333333333 0.626953125 0.4075520833333333 0.6728515625 0.4661458333333333 0.708984375 0.43359375 0.6650390625 0.3723958333333333 0.6552734375 0.375
52 0.6123046875 0.3333333333333333 0.611328125 0.3450520833333333 0.6298828125 0.3854166666666667 0.6787109375 0.3645833333333333 0.69140625 0.3528645833333333 0.6689453125 0.3072916666666667
41 0.388671875 0.2799479166666667 0.3896484375 0.3046875 0.4501953125 0.3151041666666667 0.45703125 0.2643229166666667 0.3955078125 0.2526041666666667
42 0.3291015625 0.16927083333333334 0.330078125 0.20442708333333334 0.3349609375 0.21875 0.39453125 0.20442708333333334 0.3876953125 0.15885416666666666
43 0.53515625 0.21744791666666666 0.5361328125 0.22916666666666666 0.5908203125 0.2552083333333333 0.607421875 0.20963541666666666 0.5517578125 0.18229166666666666
44 0.61328125 0.17057291666666666 0.6142578125 0.1875 0.6513671875 0.20052083333333334 0.669921875 0.14192708333333334 0.6298828125 0.125
27 0.14453125 0.6158854166666666 0.123046875 0.6783854166666666 0.1923828125 0.7083333333333334 0.21484375 0.6419270833333334
32 0.259765625 0.6341145833333334 0.2578125 0.6419270833333334 0.2646484375 0.6484375 0.3076171875 0.6640625 0.337890625 0.57421875 0.2900390625 0.5546875
33 0.453125 0.44921875 0.4541015625 0.4635416666666667 0.5048828125 0.5 0.513671875 0.49609375 0.533203125 0.4544270833333333 0.5302734375 0.4453125 0.4755859375 0.4088541666666667
34 0.5146484375 0.5182291666666666 0.509765625 0.5247395833333334 0.51171875 0.5325520833333334 0.5400390625 0.6067708333333334 0.5859375 0.58203125 0.587890625 0.5768229166666666 0.5556640625 0.5
35 0.5126953125 0.359375 0.51171875 0.3684895833333333 0.5537109375 0.421875 0.5595703125 0.421875 0.58984375 0.38671875 0.5478515625 0.3307291666666667 0.5419921875 0.3307291666666667
36 0.4140625 0.69140625 0.40625 0.7643229166666666 0.4599609375 0.7734375 0.47265625 0.6731770833333334 0.4208984375 0.6614583333333334
37 0.6884765625 0.5208333333333334 0.6875 0.5299479166666666 0.7236328125 0.6067708333333334 0.76953125 0.5794270833333334 0.7314453125 0.4973958333333333
38 0.736328125 0.6575520833333334 0.734375 0.6627604166666666 0.7412109375 0.671875 0.7958984375 0.7291666666666666 0.8046875 0.72265625 0.830078125 0.67578125 0.7685546875 0.6119791666666666 0.759765625 0.6184895833333334
39 0.7216796875 0.4296875 0.7314453125 0.4895833333333333 0.80078125 0.4830729166666667 0.7900390625 0.4244791666666667
28 0.4794921875 0.2708333333333333 0.470703125 0.28515625 0.5048828125 0.3203125 0.544921875 0.26953125 0.544921875 0.26171875 0.5185546875 0.23697916666666666 0.5087890625 0.234375
29 0.677734375 0.2877604166666667 0.67578125 0.29296875 0.6826171875 0.3020833333333333 0.7119140625 0.328125 0.751953125 0.2747395833333333 0.7158203125 0.2421875
30 0.4208984375 0.19010416666666666 0.4208984375 0.23958333333333334 0.4677734375 0.23958333333333334 0.484375 0.23307291666666666 0.4794921875 0.1875
31 0.685546875 0.19140625 0.6865234375 0.21875 0.7255859375 0.22916666666666666 0.736328125 0.16536458333333334 0.6943359375 0.15364583333333334
0 0.099609375 0.4309895833333333 0.095703125 0.4622395833333333 0.0986328125 0.4791666666666667 0.1455078125 0.4765625 0.154296875 0.39453125 0.1064453125 0.3958333333333333
5 0.3701171875 0.5286458333333334 0.3876953125 0.5859375 0.455078125 0.55078125 0.4375 0.49609375 0.4326171875 0.4921875
6 0.1650390625 0.7447916666666666 0.16015625 0.75390625 0.1826171875 0.8463541666666666 0.23828125 0.8138020833333334 0.2119140625 0.71875
7 0.2431640625 0.7369791666666666 0.2421875 0.7513020833333334 0.2841796875 0.8229166666666666 0.330078125 0.7747395833333334 0.2841796875 0.6953125
8 0.5556640625 0.2864583333333333 0.5546875 0.2955729166666667 0.5771484375 0.3333333333333333 0.6298828125 0.3020833333333333 0.6328125 0.2955729166666667 0.6083984375 0.2552083333333333
9 0.3388671875 0.75 0.33984375 0.8580729166666666 0.3447265625 0.8619791666666666 0.3974609375 0.8515625 0.39453125 0.74609375 0.3798828125 0.7421875
10 0.45703125 0.8815104166666666 0.4580078125 0.8932291666666666 0.5107421875 0.9192708333333334 0.5390625 0.8138020833333334 0.4853515625 0.7864583333333334
11 0.578125 0.7877604166666666 0.576171875 0.79296875 0.5830078125 0.8020833333333334 0.6396484375 0.8619791666666666 0.6484375 0.8580729166666666 0.67578125 0.8033854166666666 0.6103515625 0.734375
12 0.6689453125 0.6953125 0.666015625 0.7018229166666666 0.669921875 0.7122395833333334 0.7080078125 0.7916666666666666 0.755859375 0.7591145833333334 0.755859375 0.7513020833333334 0.7119140625 0.6666666666666666
1 0.7890625 0.5299479166666666 0.78125 0.5481770833333334 0.8251953125 0.5885416666666666 0.861328125 0.5169270833333334 0.8193359375 0.4791666666666667
2 0.8232421875 0.3958333333333333 0.8203125 0.4075520833333333 0.8330078125 0.4557291666666667 0.8837890625 0.453125 0.90234375 0.4466145833333333 0.8876953125 0.3932291666666667
3 0.7353515625 0.3463541666666667 0.724609375 0.3658854166666667 0.7763671875 0.4192708333333333 0.806640625 0.3815104166666667 0.8037109375 0.3723958333333333 0.7548828125 0.3255208333333333
4 0.7744140625 0.2890625 0.771484375 0.2981770833333333 0.77734375 0.30859375 0.8134765625 0.3567708333333333 0.849609375 0.3268229166666667 0.8076171875 0.2682291666666667
26 0.5751953125 0.6380208333333334 0.57421875 0.6497395833333334 0.6044921875 0.7005208333333334 0.6640625 0.64453125 0.6318359375 0.5885416666666666
26 0.4189453125 0.578125 0.416015625 0.5872395833333334 0.4287109375 0.6458333333333334 0.5 0.62109375 0.4873046875 0.5598958333333334