13 0.0419921875 0.4401041666666667 0.0390625 0.4518229166666667 0.0576171875 0.53125 0.1171875 0.50390625 0.0966796875 0.4192708333333333
18 0.1162109375 0.40625 0.111328125 0.4153645833333333 0.1318359375 0.4947916666666667 0.1875 0.4674479166666667 0.1669921875 0.3854166666666667
19 0.1826171875 0.3802083333333333 0.181640625 0.3919270833333333 0.19921875 0.4544270833333333 0.2060546875 0.4635416666666667 0.2578125 0.4361979166666667 0.2333984375 0.359375
20 0.2490234375 0.3515625 0.248046875 0.3658854166666667 0.2724609375 0.4322916666666667 0.3154296875 0.4140625 0.32421875 0.4049479166666667 0.2958984375 0.3307291666666667
21 0.3212890625 0.3229166666666667 0.318359375 0.33203125 0.3466796875 0.4010416666666667 0.396484375 0.3763020833333333 0.3642578125 0.3020833333333333
22 0.3798828125 0.2942708333333333 0.376953125 0.30078125 0.4033203125 0.3723958333333333 0.451171875 0.3528645833333333 0.451171875 0.3424479166666667 0.4248046875 0.2786458333333333
23 0.4365234375 0.2708333333333333 0.435546875 0.2799479166666667 0.4658203125 0.34375 0.5029296875 0.328125 0.51171875 0.3190104166666667 0.4794921875 0.2526041666666667
24 0.4951171875 0.2421875 0.4921875 0.2513020833333333 0.5263671875 0.3125 0.5703125 0.2877604166666667 0.5341796875 0.22395833333333334
25 0.5498046875 0.21875 0.55078125 0.23307291666666666 0.5810546875 0.2864583333333333 0.625 0.2643229166666667 0.5908203125 0.203125
14 0.6025390625 0.19791666666666666 0.6015625 0.20703125 0.6357421875 0.265625 0.677734375 0.24348958333333334 0.6416015625 0.18229166666666666
15 0.6494140625 0.1796875 0.6484375 0.18619791666666666 0.66015625 0.20703125 0.6865234375 0.24479166666666666 0.724609375 0.22265625 0.6865234375 0.16145833333333334
16 0.6962890625 0.15885416666666666 0.6953125 0.17057291666666666 0.7294921875 0.22135416666666666 0.7548828125 0.21354166666666666 0.76953125 0.20182291666666666 0.7314453125 0.14322916666666666
17 0.7451171875 0.13802083333333334 0.7421875 0.14973958333333334 0.7783203125 0.20052083333333334 0.818359375 0.18098958333333334 0.7802734375 0.125
40 0.0595703125 0.5416666666666666 0.056640625 0.5455729166666666 0.0751953125 0.640625 0.138671875 0.6106770833333334 0.1181640625 0.515625
45 0.1337890625 0.5078125 0.130859375 0.51953125 0.1572265625 0.6015625 0.21484375 0.56640625 0.1865234375 0.4817708333333333
46 0.2080078125 0.46875 0.205078125 0.4778645833333333 0.2314453125 0.5625 0.287109375 0.5325520833333334 0.2607421875 0.4479166666666667
47 0.2802734375 0.4375 0.27734375 0.4466145833333333 0.3056640625 0.5286458333333334 0.359375 0.5013020833333334 0.3310546875 0.4166666666666667
48 0.3447265625 0.4088541666666667 0.3740234375 0.4947916666666667 0.423828125 0.4700520833333333 0.423828125 0.4596354166666667 0.3955078125 0.3880208333333333
49 0.4111328125 0.3854166666666667 0.41015625 0.39453125 0.4384765625 0.4661458333333333 0.4638671875 0.4583333333333333 0.490234375 0.44140625 0.4580078125 0.3645833333333333
50 0.4755859375 0.3489583333333333 0.47265625 0.3580729166666667 0.5048828125 0.4296875 0.552734375 0.4049479166666667 0.552734375 0.3971354166666667 0.5185546875 0.3307291666666667
51 0.5341796875 0.3177083333333333 0.5390625 0.3372395833333333 0.5693359375 0.3932291666666667 0.615234375 0.3658854166666667 0.5791015625 0.296875
52 0.5888671875 0.2916666666666667 0.595703125 0.31640625 0.6240234375 0.3671875 0.66796875 0.3424479166666667 0.66796875 0.3346354166666667 0.6318359375 0.2734375
41 0.6416015625 0.2708333333333333 0.642578125 0.28515625 0.6767578125 0.3411458333333333 0.6845703125 0.3411458333333333 0.720703125 0.31640625 0.71484375 0.30078125 0.6806640625 0.2526041666666667
42 0.6904296875 0.24479166666666666 0.689453125 0.2591145833333333 0.7255859375 0.3177083333333333 0.767578125 0.29296875 0.7275390625 0.22916666666666666
43 0.7373046875 0.2265625 0.736328125 0.23567708333333334 0.7744140625 0.2942708333333333 0.8056640625 0.28125 0.81640625 0.26953125 0.7763671875 0.2109375
44 0.7841796875 0.203125 0.78125 0.21223958333333334 0.8193359375 0.2708333333333333 0.859375 0.2513020833333333 0.8173828125 0.1875
27 0.0849609375 0.6640625 0.080078125 0.6731770833333334 0.09765625 0.76171875 0.1044921875 0.7760416666666666 0.169921875 0.73828125 0.1455078125 0.6354166666666666
32 0.1650390625 0.6197916666666666 0.162109375 0.6315104166666666 0.1884765625 0.7265625 0.25 0.69140625 0.2216796875 0.5911458333333334
33 0.2412109375 0.578125 0.23828125 0.5872395833333334 0.2685546875 0.6796875 0.328125 0.64453125 0.2958984375 0.5494791666666666
34 0.3154296875 0.5390625 0.318359375 0.5611979166666666 0.3447265625 0.6354166666666666 0.400390625 0.60546875 0.400390625 0.5950520833333334 0.3681640625 0.5130208333333334
35 0.3857421875 0.5 0.3828125 0.5091145833333334 0.4130859375 0.59375 0.466796875 0.56640625 0.466796875 0.5533854166666666 0.4345703125 0.4765625
36 0.4521484375 0.46875 0.447265625 0.4778645833333333 0.4853515625 0.5598958333333334 0.53515625 0.5299479166666666 0.53515625 0.5221354166666666 0.4951171875 0.4453125
37 0.5146484375 0.4348958333333333 0.51171875 0.4440104166666667 0.5478515625 0.5234375 0.595703125 0.49609375 0.595703125 0.4856770833333333 0.5595703125 0.4140625
38 0.5712890625 0.4088541666666667 0.5703125 0.4205729166666667 0.6083984375 0.4921875 0.65625 0.4622395833333333 0.6142578125 0.3854166666666667
39 0.6298828125 0.3802083333333333 0.62890625 0.3893229166666667 0.6669921875 0.4609375 0.71484375 0.43359375 0.6748046875 0.359375
28 0.6806640625 0.3541666666666667 0.6796875 0.36328125 0.7216796875 0.4322916666666667 0.765625 0.4049479166666667 0.76171875 0.3919270833333333 0.7216796875 0.3333333333333333
29 0.7353515625 0.3229166666666667 0.73046875 0.33203125 0.7744140625 0.4010416666666667 0.81640625 0.3736979166666667 0.7705078125 0.3046875
30 0.7822265625 0.3020833333333333 0.78125 0.3111979166666667 0.8232421875 0.375 0.8603515625 0.3567708333333333 0.8671875 0.34765625 0.8212890625 0.2838541666666667
31 0.8330078125 0.2760416666666667 0.830078125 0.2877604166666667 0.8720703125 0.3489583333333333 0.9140625 0.3268229166666667 0.8701171875 0.2604166666666667
0 0.1064453125 0.7994791666666666 0.103515625 0.8059895833333334 0.1259765625 0.9244791666666666 0.1435546875 0.9192708333333334 0.197265625 0.8841145833333334 0.1728515625 0.765625
5 0.1943359375 0.75 0.201171875 0.7981770833333334 0.2197265625 0.8697916666666666 0.287109375 0.8294270833333334 0.2548828125 0.7161458333333334
6 0.2705078125 0.7057291666666666 0.287109375 0.7799479166666666 0.3017578125 0.8203125 0.36328125 0.7825520833333334 0.3291015625 0.671875
7 0.3447265625 0.6614583333333334 0.34375 0.6705729166666666 0.3779296875 0.7708333333333334 0.4375 0.7330729166666666 0.4013671875 0.6302083333333334
8 0.4208984375 0.6197916666666666 0.419921875 0.6315104166666666 0.4541015625 0.7265625 0.509765625 0.69140625 0.509765625 0.6809895833333334 0.4736328125 0.5911458333333334
9 0.4912109375 0.5807291666666666 0.48828125 0.58984375 0.5283203125 0.6822916666666666 0.580078125 0.6497395833333334 0.578125 0.6341145833333334 0.5400390625 0.5520833333333334
10 0.5556640625 0.546875 0.552734375 0.5533854166666666 0.55859375 0.5690104166666666 0.5927734375 0.6432291666666666 0.6005859375 0.6432291666666666 0.646484375 0.6106770833333334 0.6025390625 0.5208333333333334
11 0.6162109375 0.5104166666666666 0.615234375 0.52734375 0.6533203125 0.6041666666666666 0.6611328125 0.6041666666666666 0.705078125 0.57421875 0.6611328125 0.4869791666666667
12 0.6767578125 0.4765625 0.671875 0.48828125 0.7138671875 0.5677083333333334 0.763671875 0.5403645833333334 0.763671875 0.5325520833333334 0.7197265625 0.4557291666666667
1 0.7314453125 0.4453125 0.7265625 0.4544270833333333 0.7724609375 0.5338541666666666 0.8203125 0.50390625 0.7744140625 0.4244791666666667
2 0.7861328125 0.4140625 0.783203125 0.42578125 0.8291015625 0.5 0.873046875 0.4700520833333333 0.8251953125 0.3932291666666667
3 0.8369140625 0.3854166666666667 0.83203125 0.3919270833333333 0.833984375 0.3997395833333333 0.8798828125 0.46875 0.923828125 0.44140625 0.8759765625 0.3671875
4 0.8876953125 0.3567708333333333 0.8828125 0.37109375 0.9287109375 0.4375 0.97265625 0.4127604166666667 0.9248046875 0.3411458333333333
26 0.6533203125 0.6744791666666666 0.65234375 0.6888020833333334 0.6982421875 0.7838541666666666 0.75390625 0.74609375 0.7021484375 0.6432291666666666
26 0.5732421875 0.7161458333333334 0.5703125 0.72265625 0.6142578125 0.8307291666666666 0.6220703125 0.8307291666666666 0.673828125 0.79296875 0.6259765625 0.6848958333333334