20 0.630859375 0.21484375 0.630859375 0.23307291666666666 0.697265625 0.3815104166666667 0.7060546875 0.390625 0.7138671875 0.3932291666666667 0.806640625 0.32421875 0.7255859375 0.15104166666666666
21 0.2490234375 0.6354166666666666 0.244140625 0.6419270833333334 0.24609375 0.6549479166666666 0.28125 0.76953125 0.2900390625 0.7838541666666666 0.44140625 0.6888020833333334 0.3935546875 0.5520833333333334
35 0.380859375 0.5247395833333334 0.380859375 0.53515625 0.4619140625 0.6328125 0.5703125 0.48046875 0.5703125 0.4700520833333333 0.4873046875 0.3776041666666667
37 0.6396484375 0.7604166666666666 0.6328125 0.7721354166666666 0.677734375 0.87890625 0.6962890625 0.9114583333333334 0.84375 0.7955729166666666 0.7783203125 0.6588541666666666 0.7607421875 0.6666666666666666
38 0.38671875 0.2799479166666667 0.369140625 0.3059895833333333 0.37109375 0.3216145833333333 0.4521484375 0.40625 0.544921875 0.26953125 0.552734375 0.24869791666666666 0.4755859375 0.1640625 0.4677734375 0.1640625
8 0.48828125 0.3502604166666667 0.482421875 0.3684895833333333 0.5654296875 0.4609375 0.669921875 0.31640625 0.669921875 0.3059895833333333 0.5869140625 0.21614583333333334
9 0.1953125 0.48828125 0.19921875 0.5091145833333334 0.24609375 0.58984375 0.2626953125 0.609375 0.3798828125 0.4895833333333333 0.38671875 0.47265625 0.3359375 0.38671875 0.3154296875 0.3645833333333333
11 0.373046875 0.7356770833333334 0.376953125 0.76953125 0.4208984375 0.9557291666666666 0.53515625 0.9075520833333334 0.494140625 0.7252604166666666 0.4814453125 0.6875
3 0.62109375 0.42578125 0.6015625 0.4934895833333333 0.6025390625 0.5026041666666666 0.7158203125 0.5625 0.7509765625 0.578125 0.76171875 0.57421875 0.796875 0.4440104166666667 0.7919921875 0.4322916666666667 0.6435546875 0.3619791666666667
47 0.529296875 0.61328125 0.52734375 0.62890625 0.5322265625 0.6354166666666666 0.6826171875 0.7161458333333334 0.724609375 0.57421875 0.6923828125 0.5520833333333334 0.5712890625 0.4895833333333333
51 0.49609375 0.72265625 0.515625 0.8190104166666666 0.5498046875 0.9453125 0.6640625 0.89453125 0.611328125 0.6861979166666666 0.6044921875 0.6744791666666666