13 0.240234375 0.7903645833333334 0.23828125 0.80078125 0.2705078125 0.8307291666666666 0.3046875 0.76953125 0.2744140625 0.7369791666666666
18 0.2177734375 0.4869791666666667 0.2216796875 0.5390625 0.279296875 0.5299479166666666 0.2744140625 0.4765625
19 0.3515625 0.6106770833333334 0.3486328125 0.6536458333333334 0.3974609375 0.6640625 0.40625 0.66015625 0.412109375 0.61328125 0.4091796875 0.609375 0.3564453125 0.5989583333333334
20 0.224609375 0.5924479166666666 0.21875 0.6236979166666666 0.2568359375 0.640625 0.275390625 0.5690104166666666 0.2373046875 0.5520833333333334
21 0.291015625 0.58984375 0.2900390625 0.6223958333333334 0.3271484375 0.6302083333333334 0.337890625 0.5533854166666666 0.2998046875 0.5442708333333334
22 0.525390625 0.21484375 0.517578125 0.26171875 0.5205078125 0.2682291666666667 0.5673828125 0.28125 0.576171875 0.27734375 0.58203125 0.23828125 0.5791015625 0.2265625
23 0.556640625 0.4856770833333333 0.552734375 0.5013020833333334 0.5556640625 0.5078125 0.6064453125 0.53125 0.619140625 0.48046875 0.5654296875 0.4557291666666667
24 0.298828125 0.48828125 0.2998046875 0.5 0.3330078125 0.5182291666666666 0.357421875 0.44921875 0.3193359375 0.4270833333333333
25 0.244140625 0.40234375 0.2392578125 0.4453125 0.2880859375 0.4635416666666667 0.294921875 0.4596354166666667 0.302734375 0.4231770833333333 0.2998046875 0.4088541666666667 0.2568359375 0.3932291666666667 0.2470703125 0.3932291666666667
14 0.4169921875 0.4322916666666667 0.4306640625 0.5052083333333334 0.46875 0.4908854166666667 0.4521484375 0.4192708333333333
15 0.330078125 0.20703125 0.32421875 0.22005208333333334 0.3564453125 0.2526041666666667 0.390625 0.19401041666666666 0.3583984375 0.16145833333333334
16 0.373046875 0.22526041666666666 0.3740234375 0.2760416666666667 0.427734375 0.2799479166666667 0.431640625 0.24088541666666666 0.4287109375 0.2265625 0.3974609375 0.22135416666666666
17 0.4296875 0.17317708333333334 0.4306640625 0.19791666666666666 0.4853515625 0.20833333333333334 0.4921875 0.15755208333333334 0.4365234375 0.14322916666666666
27 0.3037109375 0.8046875 0.306640625 0.8528645833333334 0.3115234375 0.8619791666666666 0.3671875 0.8450520833333334 0.3603515625 0.7942708333333334
32 0.3857421875 0.6979166666666666 0.3828125 0.7044270833333334 0.388671875 0.7721354166666666 0.3974609375 0.7760416666666666 0.4287109375 0.7708333333333334 0.431640625 0.7591145833333334 0.423828125 0.69140625
33 0.46875 0.4986979166666667 0.4677734375 0.5494791666666666 0.5234375 0.5533854166666666 0.5244140625 0.5 0.4794921875 0.4947916666666667
34 0.5390625 0.5559895833333334 0.53125 0.57421875 0.5712890625 0.6223958333333334 0.599609375 0.58203125 0.5576171875 0.5338541666666666
35 0.494140625 0.39453125 0.482421875 0.4361979166666667 0.5322265625 0.4661458333333333 0.548828125 0.4153645833333333 0.5009765625 0.3880208333333333
36 0.5087890625 0.7135416666666666 0.5078125 0.73046875 0.5244140625 0.7916666666666666 0.5625 0.7747395833333334 0.5439453125 0.7005208333333334
37 0.658203125 0.4856770833333333 0.65625 0.4934895833333333 0.6962890625 0.5390625 0.7021484375 0.5390625 0.724609375 0.50390625 0.7177734375 0.4895833333333333 0.6845703125 0.453125 0.6787109375 0.453125
38 0.720703125 0.5533854166666666 0.7177734375 0.5807291666666666 0.7734375 0.6002604166666666 0.783203125 0.5611979166666666 0.7802734375 0.546875 0.7275390625 0.5286458333333334
39 0.6630859375 0.390625 0.658203125 0.3971354166666667 0.6767578125 0.4401041666666667 0.728515625 0.4049479166666667 0.7080078125 0.3567708333333333
28 0.435546875 0.3111979166666667 0.423828125 0.3815104166666667 0.4619140625 0.3958333333333333 0.4765625 0.32421875
29 0.58984375 0.2721354166666667 0.5908203125 0.2864583333333333 0.6240234375 0.3020833333333333 0.64453125 0.23046875 0.6064453125 0.21354166666666666
30 0.3466796875 0.3098958333333333 0.3642578125 0.359375 0.4140625 0.32421875 0.3955078125 0.2786458333333333
31 0.5615234375 0.12239583333333333 0.5703125 0.19661458333333334 0.6083984375 0.19010416666666666 0.611328125 0.18098958333333334 0.6015625 0.11588541666666667
0 0.1865234375 0.6614583333333334 0.18359375 0.6705729166666666 0.2099609375 0.7317708333333334 0.24609375 0.70703125 0.2197265625 0.640625
5 0.435546875 0.6341145833333334 0.431640625 0.64453125 0.4619140625 0.6770833333333334 0.498046875 0.6184895833333334 0.4677734375 0.5833333333333334
6 0.365234375 0.8763020833333334 0.361328125 0.8893229166666666 0.4033203125 0.9348958333333334 0.4296875 0.89453125 0.3857421875 0.84375
7 0.4140625 0.8294270833333334 0.4111328125 0.8515625 0.4560546875 0.8776041666666666 0.46484375 0.8763020833333334 0.478515625 0.8294270833333334 0.4306640625 0.7994791666666666 0.423828125 0.80078125
8 0.51171875 0.30078125 0.4921875 0.3450520833333333 0.5244140625 0.3723958333333333 0.5546875 0.3111979166666667 0.5263671875 0.2838541666666667
9 0.4794921875 0.8072916666666666 0.478515625 0.8190104166666666 0.5068359375 0.8776041666666666 0.541015625 0.84765625 0.5107421875 0.7838541666666666
10 0.5810546875 0.7708333333333334 0.5859375 0.84765625 0.6259765625 0.84375 0.62109375 0.7669270833333334
11 0.642578125 0.71484375 0.6416015625 0.7395833333333334 0.6962890625 0.7552083333333334 0.705078125 0.7044270833333334 0.6494140625 0.6848958333333334
12 0.697265625 0.6002604166666666 0.6796875 0.63671875 0.7255859375 0.6822916666666666 0.748046875 0.64453125 0.748046875 0.63671875 0.7080078125 0.5963541666666666 0.7021484375 0.59375
1 0.732421875 0.4283854166666667 0.7265625 0.4674479166666667 0.7646484375 0.4817708333333333 0.7734375 0.4544270833333333 0.779296875 0.4075520833333333 0.7412109375 0.3958333333333333
2 0.7275390625 0.3151041666666667 0.7265625 0.32421875 0.7451171875 0.3645833333333333 0.794921875 0.3268229166666667 0.7763671875 0.28125
3 0.646484375 0.3190104166666667 0.6455078125 0.3333333333333333 0.6982421875 0.3567708333333333 0.7109375 0.3059895833333333 0.6591796875 0.28125
4 0.673828125 0.21484375 0.6640625 0.24088541666666666 0.7080078125 0.2786458333333333 0.716796875 0.2721354166666667 0.732421875 0.23828125 0.7294921875 0.22916666666666666 0.6884765625 0.1953125
40 0.3173828125 0.6927083333333334 0.314453125 0.69921875 0.3330078125 0.7682291666666666 0.37109375 0.7513020833333334 0.3525390625 0.6770833333333334
45 0.28125 0.63671875 0.25 0.6809895833333334 0.2744140625 0.71875 0.2802734375 0.71875 0.318359375 0.66796875 0.2919921875 0.6276041666666666
46 0.4306640625 0.7239583333333334 0.427734375 0.7356770833333334 0.4384765625 0.78125 0.4921875 0.76171875 0.486328125 0.71484375 0.4814453125 0.7083333333333334
47 0.412109375 0.57421875 0.404296875 0.58984375 0.4345703125 0.6223958333333334 0.470703125 0.5716145833333334 0.470703125 0.5638020833333334 0.4462890625 0.5338541666666666 0.4404296875 0.5338541666666666
48 0.3564453125 0.515625 0.3515625 0.52734375 0.3740234375 0.5651041666666666 0.419921875 0.51953125 0.3974609375 0.4791666666666667
49 0.5654296875 0.6640625 0.5625 0.6705729166666666 0.57421875 0.73828125 0.5830078125 0.7421875 0.6142578125 0.7317708333333334 0.603515625 0.6575520833333334
50 0.630859375 0.5403645833333334 0.626953125 0.5559895833333334 0.6318359375 0.5625 0.6767578125 0.5859375 0.68359375 0.58203125 0.6953125 0.54296875 0.6923828125 0.5338541666666666 0.6435546875 0.5078125
51 0.595703125 0.3763020833333333 0.58203125 0.41796875 0.6337890625 0.4505208333333333 0.650390625 0.3997395833333333 0.6025390625 0.3697916666666667
52 0.576171875 0.3190104166666667 0.55078125 0.3580729166666667 0.55078125 0.3658854166666667 0.5810546875 0.3958333333333333 0.6171875 0.33984375 0.5869140625 0.3046875
41 0.3525390625 0.3880208333333333 0.349609375 0.3919270833333333 0.3623046875 0.4401041666666667 0.416015625 0.41796875 0.4033203125 0.3671875
42 0.2587890625 0.3385416666666667 0.2734375 0.37109375 0.2841796875 0.3828125 0.328125 0.3372395833333333 0.310546875 0.3059895833333333 0.2998046875 0.296875
43 0.4521484375 0.234375 0.4541015625 0.2890625 0.509765625 0.28515625 0.5068359375 0.234375
44 0.4970703125 0.125 0.5 0.19921875 0.5400390625 0.19791666666666666 0.537109375 0.12369791666666667 0.5322265625 0.11979166666666667
26 0.4970703125 0.640625 0.482421875 0.6653645833333334 0.5048828125 0.7005208333333334 0.548828125 0.6549479166666666 0.546875 0.64453125 0.5244140625 0.6119791666666666
26 0.615234375 0.60546875 0.60546875 0.63671875 0.6416015625 0.6614583333333334 0.666015625 0.5950520833333334 0.6318359375 0.5703125