45 0.1416015625 0.2682291666666667 0.140625 0.2955729166666667 0.1533203125 0.3854166666666667 0.2265625 0.36328125 0.2119140625 0.25
46 0.21484375 0.24869791666666666 0.21875 0.3033854166666667 0.2314453125 0.3645833333333333 0.302734375 0.33984375 0.2822265625 0.22916666666666666
47 0.2861328125 0.2265625 0.3056640625 0.3411458333333333 0.375 0.3190104166666667 0.3544921875 0.2109375
48 0.3583984375 0.20572916666666666 0.35546875 0.21484375 0.3779296875 0.3177083333333333 0.447265625 0.2955729166666667 0.4208984375 0.19010416666666666
41 0.0693359375 0.7682291666666666 0.064453125 0.7747395833333334 0.064453125 0.7903645833333334 0.07421875 0.94140625 0.0849609375 0.9453125 0.1689453125 0.9114583333333334 0.171875 0.8919270833333334 0.15625 0.7408854166666666 0.1455078125 0.7395833333333334
42 0.1611328125 0.734375 0.15625 0.7434895833333334 0.1748046875 0.90625 0.267578125 0.8684895833333334 0.2431640625 0.7057291666666666
43 0.248046875 0.7018229166666666 0.248046875 0.7278645833333334 0.2685546875 0.8671875 0.359375 0.83203125 0.3359375 0.6809895833333334 0.3310546875 0.671875
39 0.2607421875 0.4791666666666667 0.259765625 0.4986979166666667 0.2783203125 0.6171875 0.361328125 0.58984375 0.3369140625 0.4557291666666667
28 0.3427734375 0.453125 0.33984375 0.46484375 0.34375 0.4908854166666667 0.3642578125 0.5911458333333334 0.44140625 0.5638020833333334 0.4130859375 0.4322916666666667
29 0.4169921875 0.4296875 0.4443359375 0.5598958333333334 0.51953125 0.5325520833333334 0.4873046875 0.40625
30 0.4912109375 0.40625 0.5205078125 0.5338541666666666 0.5263671875 0.5364583333333334 0.595703125 0.5091145833333334 0.595703125 0.49609375 0.5615234375 0.3854166666666667
5 0.5751953125 0.22916666666666666 0.57421875 0.24869791666666666 0.6064453125 0.3411458333333333 0.673828125 0.3190104166666667 0.673828125 0.3059895833333333 0.6357421875 0.2109375
6 0.6416015625 0.2109375 0.6767578125 0.3203125 0.7373046875 0.2994791666666667 0.7421875 0.29296875 0.7001953125 0.19270833333333334
7 0.7041015625 0.19010416666666666 0.703125 0.19661458333333334 0.7431640625 0.2942708333333333 0.7978515625 0.2786458333333333 0.806640625 0.26953125 0.7626953125 0.171875
19 0.6943359375 0.6041666666666666 0.689453125 0.6184895833333334 0.7373046875 0.7604166666666666 0.81640625 0.7252604166666666 0.7666015625 0.5807291666666666
20 0.7705078125 0.5755208333333334 0.767578125 0.58203125 0.8193359375 0.7239583333333334 0.892578125 0.6940104166666666 0.8408203125 0.5520833333333334
21 0.8427734375 0.5494791666666666 0.845703125 0.56640625 0.8974609375 0.6927083333333334 0.9541015625 0.671875 0.970703125 0.66015625 0.9111328125 0.5234375