18 0.4892578125 0.1484375 0.48828125 0.16015625 0.5322265625 0.2552083333333333 0.591796875 0.21744791666666666 0.591796875 0.20963541666666666 0.5439453125 0.1171875
22 0.2373046875 0.7708333333333334 0.236328125 0.7825520833333334 0.2822265625 0.9244791666666666 0.361328125 0.87109375 0.3134765625 0.7239583333333334
23 0.3173828125 0.7161458333333334 0.314453125 0.7252604166666666 0.3642578125 0.8671875 0.439453125 0.8111979166666666 0.3896484375 0.6692708333333334
25 0.7880859375 0.5859375 0.783203125 0.5924479166666666 0.78515625 0.6002604166666666 0.8447265625 0.7213541666666666 0.8583984375 0.71875 0.912109375 0.67578125 0.8466796875 0.546875
14 0.0908203125 0.46875 0.0859375 0.48046875 0.1240234375 0.5989583333333334 0.1318359375 0.5989583333333334 0.197265625 0.5533854166666666 0.1572265625 0.4296875
15 0.1630859375 0.4270833333333333 0.162109375 0.44140625 0.2001953125 0.5520833333333334 0.2734375 0.5065104166666666 0.2294921875 0.3880208333333333
16 0.2373046875 0.3828125 0.232421875 0.3893229166666667 0.234375 0.3997395833333333 0.2744140625 0.5052083333333334 0.2783203125 0.5078125 0.345703125 0.4622395833333333 0.2998046875 0.3463541666666667
17 0.302734375 0.3424479166666667 0.30078125 0.34765625 0.3466796875 0.4583333333333333 0.3544921875 0.4583333333333333 0.4140625 0.41796875 0.408203125 0.39453125 0.3662109375 0.3020833333333333
45 0.4248046875 0.18229166666666666 0.421875 0.19140625 0.427734375 0.20703125 0.4677734375 0.2942708333333333 0.529296875 0.2565104166666667 0.529296875 0.24609375 0.4833984375 0.15104166666666666
5 0.5478515625 0.11458333333333333 0.546875 0.12109375 0.5947265625 0.21875 0.65234375 0.18098958333333334 0.65234375 0.17057291666666666 0.6044921875 0.08333333333333333
6 0.5458984375 0.4479166666666667 0.546875 0.4622395833333333 0.5966796875 0.5729166666666666 0.662109375 0.5299479166666666 0.6083984375 0.4088541666666667
46 0.4794921875 0.4921875 0.4765625 0.50390625 0.5263671875 0.6223958333333334 0.595703125 0.57421875 0.5419921875 0.453125
26 0.6123046875 0.40625 0.61328125 0.41796875 0.6650390625 0.5286458333333334 0.73046875 0.4830729166666667 0.6748046875 0.3697916666666667
33 0.6787109375 0.3645833333333333 0.677734375 0.3736979166666667 0.7314453125 0.484375 0.794921875 0.44140625 0.7373046875 0.328125
12 0.6455078125 0.6875 0.6484375 0.70703125 0.7041015625 0.8333333333333334 0.775390625 0.7825520833333334 0.7734375 0.76953125 0.7138671875 0.6432291666666666
52 0.7197265625 0.6354166666666666 0.716796875 0.64453125 0.72265625 0.66015625 0.7783203125 0.7786458333333334 0.845703125 0.7278645833333334 0.7802734375 0.59375