13 0.036458333333333336 0.3349609375 0.033854166666666664 0.3740234375 0.040364583333333336 0.37890625 0.171875 0.3818359375 0.17708333333333334 0.3232421875 0.16796875 0.314453125 0.04296875 0.30859375
18 0.036458333333333336 0.3916015625 0.03515625 0.447265625 0.16927083333333334 0.4521484375 0.17447916666666666 0.4130859375 0.17057291666666666 0.384765625 0.040364583333333336 0.37890625
19 0.03125 0.4521484375 0.026041666666666668 0.5029296875 0.029947916666666668 0.517578125 0.14192708333333334 0.5234375 0.1640625 0.5205078125 0.171875 0.4599609375 0.16796875 0.453125 0.05078125 0.447265625 0.03515625 0.447265625
20 0.51171875 0.212890625 0.5052083333333334 0.2197265625 0.5481770833333334 0.2734375 0.6510416666666666 0.2314453125 0.6106770833333334 0.17578125
17 0.35546875 0.787109375 0.3567708333333333 0.7978515625 0.3893229166666667 0.8515625 0.5078125 0.8095703125 0.47265625 0.748046875
27 0.6380208333333334 0.5380859375 0.6393229166666666 0.56640625 0.75390625 0.580078125 0.7604166666666666 0.5712890625 0.7682291666666666 0.5166015625 0.6497395833333334 0.501953125
32 0.625 0.5869140625 0.6197916666666666 0.6142578125 0.6236979166666666 0.6328125 0.7395833333333334 0.6455078125 0.7513020833333334 0.580078125 0.6315104166666666 0.56640625
33 0.6067708333333334 0.6708984375 0.60546875 0.69921875 0.72265625 0.71484375 0.7395833333333334 0.6494140625 0.6184895833333334 0.6328125
46 0.8111979166666666 0.587890625 0.8098958333333334 0.6279296875 0.8125 0.6494140625 0.8190104166666666 0.654296875 0.9322916666666666 0.6474609375 0.92578125 0.583984375
47 0.8138020833333334 0.654296875 0.8151041666666666 0.7119140625 0.8216145833333334 0.720703125 0.9348958333333334 0.7119140625 0.9283854166666666 0.6484375
48 0.81640625 0.720703125 0.82421875 0.787109375 0.9401041666666666 0.7783203125 0.9375 0.7294921875 0.9309895833333334 0.712890625
50 0.3815104166666667 0.302734375 0.3776041666666667 0.3154296875 0.39453125 0.369140625 0.5065104166666666 0.357421875 0.515625 0.3525390625 0.4986979166666667 0.291015625
51 0.39453125 0.369140625 0.390625 0.3759765625 0.4075520833333333 0.435546875 0.5286458333333334 0.4189453125 0.51171875 0.357421875
52 0.4049479166666667 0.435546875 0.3984375 0.4443359375 0.4153645833333333 0.501953125 0.5364583333333334 0.4853515625 0.5234375 0.4267578125 0.5169270833333334 0.421875
7 0.55859375 0.26953125 0.5520833333333334 0.2744140625 0.5924479166666666 0.330078125 0.6979166666666666 0.2880859375 0.6575520833333334 0.232421875
34 0.4700520833333333 0.154296875 0.4635416666666667 0.1611328125 0.5065104166666666 0.212890625 0.609375 0.1728515625 0.5690104166666666 0.119140625
4 0.2825520833333333 0.658203125 0.28125 0.6708984375 0.3138020833333333 0.724609375 0.4322916666666667 0.6845703125 0.3971354166666667 0.62109375
31 0.3190104166666667 0.72265625 0.3151041666666667 0.7275390625 0.34765625 0.787109375 0.3580729166666667 0.787109375 0.46875 0.7490234375 0.4361979166666667 0.685546875