27 0.7447916666666666 0.3525390625 0.7395833333333334 0.3642578125 0.7799479166666666 0.380859375 0.8072916666666666 0.3369140625 0.76953125 0.3203125
27 0.7552083333333334 0.6865234375 0.7395833333333334 0.7294921875 0.7799479166666666 0.7421875 0.8046875 0.6943359375 0.7643229166666666 0.6796875
35 0.13020833333333334 0.5615234375 0.11979166666666667 0.5751953125 0.16276041666666666 0.59765625 0.20833333333333334 0.5537109375 0.16796875 0.53125
35 0.1953125 0.7490234375 0.19401041666666666 0.787109375 0.2708333333333333 0.7861328125 0.26953125 0.744140625
36 0.6575520833333334 0.287109375 0.6484375 0.2958984375 0.68359375 0.3359375 0.7213541666666666 0.3173828125 0.6861979166666666 0.275390625
36 0.08072916666666667 0.6552734375 0.08203125 0.6796875 0.13411458333333334 0.681640625 0.14583333333333334 0.6259765625 0.08984375 0.62109375
37 0.3216145833333333 0.4296875 0.3151041666666667 0.4384765625 0.3606770833333333 0.474609375 0.3984375 0.4541015625 0.3958333333333333 0.4462890625 0.3528645833333333 0.412109375
38 0.2721354166666667 0.685546875 0.2799479166666667 0.724609375 0.3541666666666667 0.7119140625 0.3424479166666667 0.673828125
39 0.4140625 0.5380859375 0.40625 0.5517578125 0.4466145833333333 0.572265625 0.4817708333333333 0.5263671875 0.44140625 0.5078125
37 0.640625 0.7568359375 0.6354166666666666 0.7705078125 0.67578125 0.787109375 0.7083333333333334 0.7392578125 0.66796875 0.72265625
28 0.14973958333333334 0.3515625 0.1484375 0.3642578125 0.16536458333333334 0.408203125 0.21614583333333334 0.3994140625 0.19921875 0.345703125
29 0.4140625 0.3095703125 0.40625 0.3232421875 0.4622395833333333 0.3515625 0.4895833333333333 0.3232421875 0.4361979166666667 0.29296875
30 0.22916666666666666 0.4267578125 0.21875 0.4521484375 0.26953125 0.46484375 0.2942708333333333 0.4150390625 0.24609375 0.400390625
30 0.7278645833333334 0.46484375 0.7109375 0.4775390625 0.75390625 0.515625 0.7864583333333334 0.4912109375 0.7486979166666666 0.455078125
31 0.5026041666666666 0.3779296875 0.4947916666666667 0.4091796875 0.5403645833333334 0.41796875 0.5572916666666666 0.3701171875 0.51171875 0.359375
31 0.609375 0.3330078125 0.6067708333333334 0.3818359375 0.65234375 0.384765625 0.6588541666666666 0.3369140625 0.6419270833333334 0.33203125
0 0.86328125 0.3828125 0.8619791666666666 0.3916015625 0.8763020833333334 0.416015625 0.9322916666666666 0.4033203125 0.91796875 0.369140625
0 0.3541666666666667 0.7626953125 0.35546875 0.783203125 0.4231770833333333 0.7890625 0.4348958333333333 0.7529296875 0.4283854166666667 0.748046875 0.36328125 0.7421875
5 0.296875 0.5009765625 0.2955729166666667 0.525390625 0.3528645833333333 0.53125 0.3697916666666667 0.5283203125 0.37109375 0.4921875 0.3033854166666667 0.486328125
5 0.8658854166666666 0.490234375 0.8619791666666666 0.4951171875 0.87109375 0.525390625 0.9075520833333334 0.5234375 0.9322916666666666 0.5166015625 0.9231770833333334 0.484375
6 0.26953125 0.32421875 0.265625 0.3271484375 0.2734375 0.3759765625 0.32421875 0.376953125 0.3203125 0.3251953125
6 0.5572916666666666 0.2822265625 0.5559895833333334 0.31640625 0.59765625 0.322265625 0.6223958333333334 0.3193359375 0.6236979166666666 0.287109375 0.5690104166666666 0.279296875
7 0.6744791666666666 0.5869140625 0.6588541666666666 0.6298828125 0.7018229166666666 0.642578125 0.7239583333333334 0.5947265625 0.6861979166666666 0.58203125
8 0.016927083333333332 0.404296875 0.015625 0.4111328125 0.040364583333333336 0.439453125 0.109375 0.4130859375 0.08203125 0.37890625
9 0.3190104166666667 0.265625 0.3268229166666667 0.3046875 0.3958333333333333 0.2978515625 0.38671875 0.26171875
11 0.5364583333333334 0.7626953125 0.5377604166666666 0.775390625 0.5794270833333334 0.78515625 0.6041666666666666 0.7333984375 0.5611979166666666 0.720703125
3 0.19140625 0.654296875 0.18489583333333334 0.6611328125 0.22005208333333334 0.70703125 0.2682291666666667 0.6865234375 0.23307291666666666 0.638671875
3 0.5481770833333334 0.625 0.5442708333333334 0.6337890625 0.5598958333333334 0.6767578125 0.56640625 0.6796875 0.6028645833333334 0.671875 0.609375 0.6650390625 0.59375 0.6201171875 0.5846354166666666 0.6171875
4 0.7591145833333334 0.544921875 0.7552083333333334 0.5478515625 0.7825520833333334 0.591796875 0.8255208333333334 0.5771484375 0.7981770833333334 0.533203125
26 0.7669270833333334 0.412109375 0.7630208333333334 0.4189453125 0.78515625 0.4609375 0.828125 0.4482421875 0.8033854166666666 0.40234375
26 0.4479166666666667 0.4716796875 0.4427083333333333 0.4775390625 0.4752604166666667 0.5 0.4830729166666667 0.5 0.5234375 0.4619140625 0.4856770833333333 0.439453125
13 0.4778645833333333 0.216796875 0.4830729166666667 0.25390625 0.5494791666666666 0.2490234375 0.54296875 0.212890625
19 0.02734375 0.48828125 0.036458333333333336 0.5439453125 0.09244791666666667 0.5390625 0.08333333333333333 0.4853515625 0.07421875 0.482421875
20 0.8606770833333334 0.591796875 0.86328125 0.626953125 0.9270833333333334 0.6240234375 0.9205729166666666 0.58984375
22 0.4661458333333333 0.6025390625 0.46484375 0.619140625 0.5091145833333334 0.626953125 0.5286458333333334 0.5771484375 0.4830729166666667 0.56640625
22 0.21223958333333334 0.826171875 0.20963541666666666 0.869140625 0.2890625 0.8603515625 0.2825520833333333 0.8203125
23 0.4479166666666667 0.7373046875 0.4440104166666667 0.7578125 0.4908854166666667 0.765625 0.5104166666666666 0.7138671875 0.4622395833333333 0.703125
24 0.4127604166666667 0.638671875 0.4114583333333333 0.6474609375 0.44921875 0.685546875 0.4895833333333333 0.6630859375 0.44921875 0.619140625
17 0.3971354166666667 0.376953125 0.3932291666666667 0.3818359375 0.40625 0.4267578125 0.41796875 0.4296875 0.4544270833333333 0.423828125 0.4583333333333333 0.4189453125 0.4427083333333333 0.3720703125
17 0.49609375 0.517578125 0.4947916666666667 0.5263671875 0.51953125 0.548828125 0.5729166666666666 0.5205078125 0.5455729166666666 0.490234375
15 0.6888020833333334 0.802734375 0.6848958333333334 0.8076171875 0.7018229166666666 0.83984375 0.7174479166666666 0.837890625 0.765625 0.8173828125 0.7486979166666666 0.78515625
45 0.5794270833333334 0.40625 0.5494791666666666 0.4326171875 0.59765625 0.466796875 0.6276041666666666 0.4404296875
47 0.2760416666666667 0.5830078125 0.2708333333333333 0.5888671875 0.2799479166666667 0.595703125 0.3294270833333333 0.62109375 0.3619791666666667 0.5908203125 0.3059895833333333 0.55859375
49 0.3502604166666667 0.84765625 0.3489583333333333 0.8623046875 0.3580729166666667 0.888671875 0.4296875 0.8759765625 0.41796875 0.8359375
50 0.6223958333333334 0.6728515625 0.6223958333333334 0.6806640625 0.6575520833333334 0.71875 0.6953125 0.7001953125 0.6953125 0.6943359375 0.6575520833333334 0.654296875
51 0.5885416666666666 0.5439453125 0.5807291666666666 0.5712890625 0.5846354166666666 0.57421875 0.63671875 0.583984375 0.6510416666666666 0.5810546875 0.6575520833333334 0.548828125 0.59765625 0.537109375
51 0.8151041666666666 0.6357421875 0.7890625 0.6787109375 0.8216145833333334 0.693359375 0.83203125 0.693359375 0.859375 0.6513671875 0.8216145833333334 0.6328125
52 0.17057291666666666 0.26171875 0.16927083333333334 0.2724609375 0.18098958333333334 0.30078125 0.2526041666666667 0.2900390625 0.24088541666666666 0.25390625
41 0.4752604166666667 0.80078125 0.48046875 0.83984375 0.5520833333333334 0.8291015625 0.54296875 0.791015625
41 0.7018229166666666 0.365234375 0.65625 0.3994140625 0.68359375 0.423828125 0.69140625 0.423828125 0.7317708333333334 0.3935546875 0.7317708333333334 0.3876953125
42 0.14453125 0.4609375 0.140625 0.4658203125 0.18359375 0.509765625 0.2265625 0.4892578125 0.18619791666666666 0.443359375
44 0.5963541666666666 0.4892578125 0.59375 0.4951171875 0.64453125 0.525390625 0.6744791666666666 0.4970703125 0.6236979166666666 0.466796875