19 0.4091796875 0.3229166666666667 0.40625 0.34765625 0.421875 0.51171875 0.5224609375 0.4973958333333333 0.525390625 0.4830729166666667 0.505859375 0.3111979166666667 0.4833984375 0.3098958333333333
22 0.4345703125 0.1328125 0.44921875 0.3111979166666667 0.4580078125 0.3151041666666667 0.5478515625 0.3020833333333333 0.55078125 0.2799479166666667 0.533203125 0.12109375 0.5244140625 0.1171875
24 0.2685546875 0.5651041666666666 0.265625 0.6028645833333334 0.275390625 0.7643229166666666 0.3037109375 0.7682291666666666 0.3818359375 0.7552083333333334 0.3828125 0.69921875 0.37109375 0.55859375 0.3623046875 0.5520833333333334
17 0.5908203125 0.4947916666666667 0.587890625 0.5247395833333334 0.599609375 0.6888020833333334 0.6298828125 0.6927083333333334 0.7021484375 0.6848958333333334 0.70703125 0.6705729166666666 0.689453125 0.48828125 0.6767578125 0.484375
7 0.4853515625 0.5052083333333334 0.482421875 0.52734375 0.494140625 0.69921875 0.5126953125 0.703125 0.5966796875 0.6927083333333334 0.599609375 0.6861979166666666 0.5859375 0.4986979166666667
9 0.3720703125 0.5234375 0.369140625 0.5377604166666666 0.38671875 0.7200520833333334 0.4052734375 0.7213541666666666 0.4912109375 0.703125 0.47265625 0.51171875 0.4619140625 0.5078125
1 0.5107421875 0.3098958333333333 0.5078125 0.3190104166666667 0.52734375 0.49609375 0.5537109375 0.4973958333333333 0.6279296875 0.484375 0.609375 0.2981770833333333 0.5966796875 0.2942708333333333
28 0.3310546875 0.14583333333333334 0.328125 0.16276041666666666 0.34375 0.3294270833333333 0.3837890625 0.3307291666666667 0.4443359375 0.3151041666666667 0.4296875 0.13671875 0.4169921875 0.1328125
31 0.2763671875 0.3489583333333333 0.2734375 0.3658854166666667 0.296875 0.5403645833333334 0.3095703125 0.5416666666666666 0.3974609375 0.5182291666666666 0.3984375 0.4908854166666667 0.375 0.33203125 0.3564453125 0.3307291666666667
47 0.61328125 0.2955729166666667 0.611328125 0.30859375 0.630859375 0.4830729166666667 0.6396484375 0.4869791666666667 0.7294921875 0.4713541666666667 0.732421875 0.4544270833333333 0.712890625 0.2877604166666667 0.7041015625 0.28125
43 0.4052734375 0.7213541666666666 0.40234375 0.74609375 0.419921875 0.92578125 0.4306640625 0.9296875 0.5263671875 0.9088541666666666 0.5078125 0.7096354166666666 0.4892578125 0.7057291666666666