27 0.146484375 0.7643229166666666 0.1416015625 0.8020833333333334 0.2001953125 0.8255208333333334 0.228515625 0.70703125 0.1689453125 0.6822916666666666
32 0.21875 0.74609375 0.201171875 0.8268229166666666 0.2099609375 0.8359375 0.2626953125 0.8541666666666666 0.287109375 0.7356770833333334 0.2294921875 0.7135416666666666
33 0.287109375 0.74609375 0.265625 0.85546875 0.3271484375 0.8776041666666666 0.353515625 0.7591145833333334 0.2978515625 0.734375 0.2919921875 0.734375
34 0.4150390625 0.6197916666666666 0.4140625 0.6315104166666666 0.4501953125 0.6927083333333334 0.521484375 0.6236979166666666 0.4853515625 0.5546875
35 0.4580078125 0.6875 0.451171875 0.7018229166666666 0.4873046875 0.765625 0.55859375 0.6966145833333334 0.556640625 0.68359375 0.5224609375 0.625
36 0.4912109375 0.765625 0.490234375 0.7799479166666666 0.5263671875 0.8411458333333334 0.59765625 0.76953125 0.5615234375 0.7005208333333334 0.5556640625 0.7005208333333334
37 0.5322265625 0.8385416666666666 0.53125 0.8528645833333334 0.5673828125 0.9140625 0.638671875 0.8424479166666666 0.638671875 0.8346354166666666 0.6005859375 0.7708333333333334
38 0.5712890625 0.9114583333333334 0.5703125 0.9231770833333334 0.6083984375 0.9869791666666666 0.681640625 0.91015625 0.6484375 0.8502604166666666 0.6376953125 0.84375
5 0.052734375 0.3997395833333333 0.0498046875 0.4192708333333333 0.1005859375 0.4557291666666667 0.146484375 0.3528645833333333 0.0927734375 0.3151041666666667
6 0.140625 0.3684895833333333 0.1015625 0.4622395833333333 0.1533203125 0.5026041666666666 0.197265625 0.3997395833333333 0.1474609375 0.3619791666666667
7 0.1875 0.4283854166666667 0.15625 0.5065104166666666 0.1943359375 0.5390625 0.2099609375 0.5442708333333334 0.251953125 0.4466145833333333 0.2041015625 0.40625 0.1982421875 0.40625
8 0.21484375 0.53515625 0.2119140625 0.5546875 0.2646484375 0.59375 0.310546875 0.48828125 0.2548828125 0.4479166666666667
12 0.2783203125 0.24479166666666666 0.25390625 0.2825520833333333 0.2939453125 0.3359375 0.357421875 0.2591145833333333 0.35546875 0.24869791666666666 0.3173828125 0.19791666666666666
1 0.3505859375 0.2682291666666667 0.298828125 0.3372395833333333 0.3125 0.36328125 0.3408203125 0.3984375 0.40234375 0.3190104166666667 0.3603515625 0.2578125
2 0.3447265625 0.3958333333333333 0.34375 0.40234375 0.3896484375 0.4583333333333333 0.451171875 0.37890625 0.4052734375 0.3203125
4 0.64453125 0.26171875 0.638671875 0.27734375 0.6416015625 0.2864583333333333 0.6884765625 0.3203125 0.6962890625 0.3203125 0.736328125 0.21484375 0.6806640625 0.17708333333333334
31 0.591796875 0.20963541666666666 0.5859375 0.22526041666666666 0.5888671875 0.234375 0.6416015625 0.2682291666666667 0.68359375 0.16276041666666666 0.6298828125 0.125
44 0.541015625 0.15755208333333334 0.537109375 0.16796875 0.5400390625 0.1796875 0.5908203125 0.21354166666666666 0.6328125 0.11067708333333333 0.5791015625 0.0703125
17 0.48828125 0.10807291666666667 0.48046875 0.13151041666666666 0.5341796875 0.171875 0.578125 0.06901041666666667 0.5302734375 0.03125 0.5224609375 0.03125
24 0.123046875 0.006510416666666667 0.099609375 0.055989583333333336 0.1552734375 0.1015625 0.1953125 0.01953125 0.19921875 0.0013020833333333333 0.1279296875 0