40 0.0419921875 0.013020833333333334 0.033203125 0.02734375 0.0947265625 0.09114583333333333 0.138671875 0.03515625 0.1357421875 0.026041666666666668 0.1025390625 0 0.0537109375 0
46 0.384765625 0.8216145833333334 0.34765625 0.8893229166666666 0.4248046875 0.9817708333333334 0.4384765625 0.9895833333333334 0.484375 0.91015625 0.486328125 0.8971354166666666 0.4013671875 0.8020833333333334
51 0.728515625 0.60546875 0.724609375 0.6184895833333334 0.7294921875 0.625 0.8251953125 0.6979166666666666 0.861328125 0.6106770833333334 0.8564453125 0.6015625 0.7646484375 0.5338541666666666 0.7578125 0.5377604166666666
52 0.1611328125 0.296875 0.154296875 0.3111979166666667 0.2138671875 0.390625 0.2255859375 0.3854166666666667 0.26953125 0.3294270833333333 0.2060546875 0.25
41 0.2080078125 0.2421875 0.20703125 0.24869791666666666 0.2685546875 0.3255208333333333 0.2763671875 0.3229166666666667 0.3203125 0.2669270833333333 0.2568359375 0.19010416666666666
42 0.2646484375 0.17447916666666666 0.2578125 0.18880208333333334 0.3193359375 0.2630208333333333 0.3291015625 0.2578125 0.369140625 0.20703125 0.3056640625 0.13020833333333334
43 0.515625 0.19140625 0.498046875 0.24609375 0.5869140625 0.2942708333333333 0.611328125 0.23307291666666666 0.61328125 0.21744791666666666 0.5322265625 0.17447916666666666 0.5244140625 0.17447916666666666
30 0.4609375 0.3372395833333333 0.435546875 0.4075520833333333 0.5283203125 0.4609375 0.556640625 0.3763020833333333 0.4677734375 0.328125
29 0.8076171875 0 0.8037109375 0.013020833333333334 0.8759765625 0.08072916666666667 0.9140625 0.029947916666666668 0.9072265625 0.015625 0.8876953125 0
28 0.759765625 0.053385416666666664 0.7568359375 0.06510416666666667 0.8271484375 0.1328125 0.8349609375 0.1328125 0.87109375 0.08203125 0.8662109375 0.0703125 0.8017578125 0.010416666666666666 0.7900390625 0.015625
39 0.716796875 0.11067708333333333 0.7109375 0.12630208333333334 0.7822265625 0.19791666666666666 0.7880859375 0.19791666666666666 0.830078125 0.13932291666666666 0.8291015625 0.1328125 0.7568359375 0.06510416666666667
33 0.4609375 0.6940104166666666 0.453125 0.7122395833333334 0.5380859375 0.8020833333333334 0.55078125 0.79296875 0.587890625 0.7200520833333334 0.5029296875 0.6302083333333334 0.4921875 0.63671875
6 0.4140625 0.77734375 0.404296875 0.7955729166666666 0.40625 0.8059895833333334 0.4892578125 0.8984375 0.49609375 0.89453125 0.5390625 0.8138020833333334 0.5341796875 0.7994791666666666 0.4541015625 0.7161458333333334 0.447265625 0.7200520833333334
4 0.0009765625 0.90625 0.0009765625 1 0.0751953125 1 0.087890625 0.9934895833333334 0.0908203125 0.9010416666666666
3 0.478515625 0.2903645833333333 0.466796875 0.3216145833333333 0.4697265625 0.328125 0.5537109375 0.375 0.564453125 0.36328125 0.5859375 0.3033854166666667 0.5859375 0.2955729166666667 0.5771484375 0.2890625 0.5029296875 0.25 0.4921875 0.2565104166666667
11 0.771484375 0.5065104166666666 0.7646484375 0.5338541666666666 0.8583984375 0.6041666666666666 0.865234375 0.6028645833333334 0.89453125 0.52734375 0.8935546875 0.5182291666666666 0.8017578125 0.4505208333333333 0.79296875 0.45703125
24 0.8046875 0.42578125 0.796875 0.4466145833333333 0.7998046875 0.4505208333333333 0.8916015625 0.5182291666666666 0.8984375 0.5169270833333334 0.92578125 0.44921875 0.9228515625 0.4348958333333333 0.8349609375 0.3723958333333333 0.826171875 0.3763020833333333