32 0.0771484375 0.484375 0.076171875 0.6158854166666666 0.1474609375 0.6171875 0.1484375 0.4856770833333333
33 0.1513671875 0.484375 0.150390625 0.61328125 0.2197265625 0.6145833333333334 0.220703125 0.4856770833333333
27 0.5361328125 0.7239583333333334 0.537109375 0.85546875 0.6064453125 0.8567708333333334 0.609375 0.8450520833333334 0.60546875 0.72265625
38 0.5927734375 0.4270833333333333 0.58984375 0.44140625 0.59375 0.55859375 0.6630859375 0.5572916666666666 0.662109375 0.4283854166666667
37 0.8046875 0.5091145833333334 0.802734375 0.6315104166666666 0.8076171875 0.6380208333333334 0.8740234375 0.6380208333333334 0.876953125 0.5091145833333334
50 0.876953125 0.5091145833333334 0.875 0.6341145833333334 0.9443359375 0.6380208333333334 0.9453125 0.5091145833333334
9 0.3662109375 0.15104166666666666 0.365234375 0.28515625 0.4326171875 0.2864583333333333 0.43359375 0.15234375
10 0.4384765625 0.15104166666666666 0.435546875 0.28515625 0.5048828125 0.2864583333333333 0.505859375 0.15494791666666666
11 0.5087890625 0.15104166666666666 0.5078125 0.28515625 0.5751953125 0.2864583333333333 0.576171875 0.15234375
12 0.5791015625 0.15364583333333334 0.576171875 0.28515625 0.6455078125 0.2864583333333333 0.6484375 0.15494791666666666
24 0.4521484375 0.4296875 0.451171875 0.5611979166666666 0.5185546875 0.5625 0.51953125 0.4309895833333333
51 0.5224609375 0.4296875 0.5234375 0.5611979166666666 0.5908203125 0.5598958333333334 0.58984375 0.4309895833333333
26 0.2236328125 0.4817708333333333 0.22265625 0.6158854166666666 0.2939453125 0.6145833333333334 0.294921875 0.4830729166666667
40 0.46484375 0.7278645833333334 0.466796875 0.8606770833333334 0.5361328125 0.859375 0.53515625 0.7252604166666666 0.5009765625 0.7213541666666666
13 0.6103515625 0.71875 0.609375 0.8528645833333334 0.6767578125 0.8541666666666666 0.677734375 0.72265625