5 0.3564453125 0.4583333333333333 0.361328125 0.5091145833333334 0.3740234375 0.5703125 0.431640625 0.5481770833333334 0.4130859375 0.4427083333333333
7 0.7490234375 0.3359375 0.74609375 0.3450520833333333 0.759765625 0.4440104166666667 0.7685546875 0.4479166666666667 0.8193359375 0.4401041666666667 0.822265625 0.4309895833333333 0.806640625 0.33203125
9 0.0126953125 0.8177083333333334 0.009765625 0.83984375 0.021484375 0.94140625 0.0283203125 0.9453125 0.0849609375 0.921875 0.087890625 0.91015625 0.07421875 0.7981770833333334 0.0693359375 0.7942708333333334
10 0.0791015625 0.7890625 0.078125 0.83203125 0.08984375 0.9153645833333334 0.1513671875 0.8932291666666666 0.154296875 0.8763020833333334 0.138671875 0.76953125 0.1298828125 0.7682291666666666
11 0.1416015625 0.7630208333333334 0.140625 0.7799479166666666 0.1572265625 0.8880208333333334 0.220703125 0.8606770833333334 0.2021484375 0.7395833333333334
12 0.2080078125 0.7395833333333334 0.205078125 0.75390625 0.220703125 0.85546875 0.2255859375 0.8645833333333334 0.287109375 0.8372395833333334 0.2666015625 0.71875
1 0.2705078125 0.7083333333333334 0.267578125 0.72265625 0.2900390625 0.8333333333333334 0.353515625 0.8033854166666666 0.3291015625 0.6848958333333334
39 0.16015625 0.3815104166666667 0.15234375 0.3997395833333333 0.2080078125 0.4635416666666667 0.251953125 0.4075520833333333 0.1943359375 0.34375
28 0.21875 0.2955729166666667 0.19140625 0.3372395833333333 0.2470703125 0.4010416666666667 0.2529296875 0.4010416666666667 0.2890625 0.3424479166666667 0.2373046875 0.2864583333333333 0.2275390625 0.2838541666666667
29 0.2744140625 0.23177083333333334 0.23828125 0.2799479166666667 0.23828125 0.2877604166666667 0.2958984375 0.3463541666666667 0.333984375 0.2903645833333333
30 0.3154296875 0.18229166666666666 0.28125 0.23307291666666666 0.3408203125 0.2942708333333333 0.376953125 0.23828125
31 0.322265625 0.16536458333333334 0.318359375 0.17838541666666666 0.3740234375 0.234375 0.3798828125 0.234375 0.412109375 0.18619791666666666 0.4052734375 0.171875 0.3564453125 0.125
34 0.6865234375 0.3489583333333333 0.6953125 0.4544270833333333 0.7099609375 0.4583333333333333 0.7568359375 0.4505208333333333 0.759765625 0.4440104166666667 0.74609375 0.3450520833333333 0.7314453125 0.3411458333333333
47 0.6240234375 0.3489583333333333 0.630859375 0.45703125 0.6923828125 0.453125 0.6953125 0.44140625 0.68359375 0.34765625 0.6591796875 0.34375
42 0.6552734375 0.15104166666666666 0.654296875 0.16796875 0.6865234375 0.24739583333333334 0.740234375 0.21744791666666666 0.7041015625 0.13020833333333334
43 0.7099609375 0.125 0.70703125 0.13151041666666666 0.7431640625 0.21875 0.79296875 0.19140625 0.7568359375 0.10416666666666667
44 0.7607421875 0.1015625 0.759765625 0.10807291666666667 0.7958984375 0.19010416666666666 0.845703125 0.16796875 0.845703125 0.15755208333333334 0.8095703125 0.078125
18 0.4169921875 0.4401041666666667 0.4345703125 0.5494791666666666 0.4921875 0.5299479166666666 0.4736328125 0.4244791666666667
22 0.6767578125 0.6171875 0.6982421875 0.7395833333333334 0.763671875 0.72265625 0.7392578125 0.6041666666666666
23 0.7451171875 0.6015625 0.7421875 0.6106770833333334 0.7685546875 0.7265625 0.830078125 0.70703125 0.8037109375 0.5885416666666666
24 0.8076171875 0.5885416666666666 0.8330078125 0.7109375 0.89453125 0.6940104166666666 0.8662109375 0.5729166666666666
26 0.4775390625 0.4192708333333333 0.4765625 0.4388020833333333 0.4951171875 0.5286458333333334 0.5546875 0.5091145833333334 0.5322265625 0.4036458333333333