18 0.5578499500665779 0.39453125 0.561750998668442 0.4072265625 0.6176660286284953 0.466796875 0.6787824567243675 0.4345703125 0.6176660286284953 0.36328125
19 0.22366011984021306 0.6826171875 0.2353632656458056 0.74609375 0.3536950732356858 0.7294921875 0.3419919274300932 0.66796875
21 0.1768475366178429 0.2275390625 0.17424683754993342 0.2431640625 0.18074858521970705 0.248046875 0.2587695572569907 0.263671875 0.2886775965379494 0.1787109375 0.20415487683089215 0.158203125
22 0.6748814081225033 0.849609375 0.676181757656458 0.9326171875 0.6852842043941412 0.935546875 0.7503016810918774 0.927734375 0.7490013315579228 0.8466796875 0.7320967876165113 0.84375
23 0.4889314247669774 0.2939453125 0.4655251331557923 0.3134765625 0.46812583222370174 0.3193359375 0.5500478528628495 0.375 0.6007614846870839 0.3330078125 0.5214401631158455 0.271484375
24 0.3536950732356858 0.2451171875 0.35499542276964047 0.259765625 0.42521429760319573 0.283203125 0.4707265312916112 0.2060546875 0.39660660785619173 0.177734375
25 0.36929926764314247 0.4111328125 0.36669856857523303 0.4189453125 0.3758010153129161 0.42578125 0.4330163948069241 0.453125 0.49673352197070575 0.3837890625 0.4278149966711052 0.34765625
46 0.6033621837549934 0.7001953125 0.604662533288948 0.71484375 0.6878849034620506 0.744140625 0.6982876997336884 0.744140625 0.7281957390146472 0.6982421875 0.7281957390146472 0.6904296875 0.6306695239680427 0.658203125
48 0.06891852529960053 0.662109375 0.05461468042609854 0.6767578125 0.13393600199733688 0.7421875 0.20285452729693743 0.7001953125 0.12613390479360853 0.630859375
49 0.30038074234354195 0.7578125 0.3016810918774967 0.7744140625 0.3211863348868176 0.818359375 0.4343167443408788 0.7900390625 0.40961010319573904 0.73046875
51 0.7490013315579228 0.4306640625 0.7503016810918774 0.44140625 0.8153191577896138 0.458984375 0.853029294274301 0.3837890625 0.7867114680426098 0.361328125
52 0.21455767310252996 0.46875 0.21325732356857524 0.4775390625 0.2405646637816245 0.529296875 0.3562957723035952 0.5009765625 0.32638773302263646 0.443359375
41 0.5851572902796272 0.8037109375 0.581256241677763 0.822265625 0.6462737183754993 0.841796875 0.6943866511318242 0.7646484375 0.6254681258322237 0.740234375
41 0.5136380659121171 0.59375 0.5071363182423435 0.5986328125 0.509737017310253 0.6064453125 0.5500478528628495 0.646484375 0.6371712716378163 0.5966796875 0.5968604360852197 0.55078125 0.581256241677763 0.5546875
5 0.5734541444740346 0.19140625 0.566952396804261 0.2001953125 0.6228674267643143 0.271484375 0.6891852529960053 0.2412109375 0.633270223035952 0.16796875
7 0.3940059087882823 0.822265625 0.38750416111850866 0.8271484375 0.40180800599201066 0.884765625 0.5149384154460719 0.8662109375 0.5006345705725699 0.806640625
8 0.4889314247669774 0.1396484375 0.47852862849533956 0.1904296875 0.5552492509986684 0.205078125 0.561750998668442 0.1962890625 0.5773551930758988 0.1220703125 0.5006345705725699 0.10546875
12 0.33939122836218377 0.568359375 0.33288948069241014 0.5771484375 0.39660660785619173 0.64453125 0.4629244340878828 0.6103515625 0.4629244340878828 0.6044921875 0.40180800599201066 0.5390625
1 0.509737017310253 0.6982421875 0.48633072569906793 0.7685546875 0.5604506491344874 0.783203125 0.590358688415446 0.6982421875 0.524040862183755 0.68359375 0.5149384154460719 0.6865234375
4 0.4889314247669774 0.9033203125 0.4551223368841545 0.9306640625 0.4551223368841545 0.9365234375 0.5344436584553928 0.990234375 0.5877579893475366 0.9482421875 0.5877579893475366 0.9423828125 0.5136380659121171 0.888671875
3 0.04161118508655127 0.1669921875 0.018204893475366177 0.1904296875 0.08712341877496671 0.234375 0.17164613848202398 0.1708984375 0.10532831225033289 0.123046875 0.09752621504660453 0.123046875
33 0.6605775632490013 0.0283203125 0.6449733688415447 0.0478515625 0.6449733688415447 0.0556640625 0.7190932922769641 0.09765625 0.7346974866844208 0.1015625 0.7724076231691078 0.0537109375 0.6852842043941412 0.00390625
35 0.7021887483355526 0.4833984375 0.6917859520639148 0.4970703125 0.7685065745672437 0.548828125 0.7802097203728362 0.5439453125 0.8192202063914781 0.5068359375 0.7451002829560586 0.453125 0.7372981857523302 0.453125
39 0.0481129327563249 0.396484375 0.039010486018641814 0.4033203125 0.04161118508655127 0.4072265625 0.1105297103861518 0.478515625 0.18464963382157124 0.4443359375 0.1768475366178429 0.4306640625 0.11313040945406125 0.3671875
38 0.838725449400799 0.603515625 0.767206225033289 0.6572265625 0.8153191577896138 0.69921875 0.8894390812250332 0.6455078125 0.8634320905459387 0.6181640625
29 0.21975907123834887 0.044921875 0.22886151797603196 0.0712890625 0.2691723535286285 0.134765625 0.34329227696404796 0.1162109375 0.3276880825565912 0.0791015625 0.295179344207723 0.02734375
31 0.4473202396804261 0.5009765625 0.43951814247669774 0.5107421875 0.49023177430093207 0.546875 0.5006345705725699 0.548828125 0.5695530958721704 0.4853515625 0.5110373668442078 0.447265625
16 0.6813831557922769 0.2626953125 0.6683796604527297 0.3134765625 0.7398988848202397 0.328125 0.7516020306258322 0.3037109375 0.7646055259653795 0.2470703125 0.6956870006657789 0.23046875