13 0.248046875 0.11588541666666667 0.24609375 0.12369791666666667 0.2509765625 0.13020833333333334 0.2861328125 0.15364583333333334 0.318359375 0.08984375 0.318359375 0.08203125 0.2802734375 0.0546875
18 0.318359375 0.10807291666666667 0.294921875 0.16015625 0.3349609375 0.1875 0.3671875 0.12369791666666667 0.3671875 0.11588541666666667 0.3330078125 0.09114583333333333
19 0.37109375 0.13411458333333334 0.34375 0.19921875 0.3837890625 0.2265625 0.408203125 0.17578125 0.4140625 0.15234375 0.3798828125 0.12760416666666666
20 0.392578125 0.22786458333333334 0.3935546875 0.23958333333333334 0.4306640625 0.265625 0.462890625 0.19140625 0.4228515625 0.1640625
21 0.455078125 0.2565104166666667 0.447265625 0.28515625 0.4873046875 0.3098958333333333 0.517578125 0.23307291666666666 0.4755859375 0.20833333333333334
22 0.498046875 0.2981770833333333 0.494140625 0.31640625 0.5322265625 0.3463541666666667 0.568359375 0.2747395833333333 0.5283203125 0.2421875
23 0.552734375 0.33203125 0.544921875 0.3528645833333333 0.5869140625 0.3828125 0.6171875 0.3059895833333333 0.5791015625 0.2786458333333333
24 0.625 0.3294270833333333 0.6015625 0.39453125 0.6455078125 0.421875 0.673828125 0.3424479166666667 0.6357421875 0.3177083333333333
25 0.662109375 0.4075520833333333 0.654296875 0.43359375 0.6962890625 0.4635416666666667 0.7265625 0.3841145833333333 0.6845703125 0.3567708333333333
14 0.728515625 0.4127604166666667 0.705078125 0.4752604166666667 0.7490234375 0.5052083333333334 0.779296875 0.4283854166666667 0.7412109375 0.3984375 0.7353515625 0.3984375
15 0.78125 0.4388020833333333 0.75390625 0.5143229166666666 0.7998046875 0.5442708333333334 0.828125 0.46484375 0.7880859375 0.4348958333333333
16 0.830078125 0.48046875 0.8046875 0.5533854166666666 0.8486328125 0.5833333333333334 0.87890625 0.50390625 0.8388671875 0.4739583333333333
17 0.88671875 0.5169270833333334 0.859375 0.5950520833333334 0.9033203125 0.6276041666666666 0.93359375 0.5455729166666666 0.8935546875 0.515625
40 0.20703125 0.19401041666666666 0.203125 0.20703125 0.2080078125 0.21354166666666666 0.2431640625 0.23697916666666666 0.27734375 0.16536458333333334 0.2392578125 0.13541666666666666
45 0.279296875 0.17838541666666666 0.251953125 0.24609375 0.2939453125 0.2734375 0.32421875 0.19661458333333334 0.2880859375 0.171875
46 0.3046875 0.2721354166666667 0.3056640625 0.2864583333333333 0.3427734375 0.3098958333333333 0.369140625 0.2591145833333333 0.375 0.23567708333333334 0.3369140625 0.20833333333333334
47 0.353515625 0.3138020833333333 0.3525390625 0.3255208333333333 0.3916015625 0.3541666666666667 0.42578125 0.2799479166666667 0.3857421875 0.25
48 0.40625 0.34765625 0.40234375 0.3606770833333333 0.4091796875 0.3697916666666667 0.4423828125 0.3932291666666667 0.4765625 0.3190104166666667 0.4345703125 0.2890625
49 0.455078125 0.3893229166666667 0.44921875 0.4049479166666667 0.4892578125 0.4375 0.5234375 0.3606770833333333 0.4833984375 0.3307291666666667
50 0.513671875 0.42578125 0.5078125 0.4466145833333333 0.5498046875 0.4739583333333333 0.580078125 0.3971354166666667 0.5380859375 0.3697916666666667
51 0.576171875 0.4544270833333333 0.56640625 0.4856770833333333 0.6083984375 0.5130208333333334 0.638671875 0.4361979166666667 0.5986328125 0.40625
52 0.623046875 0.5013020833333334 0.615234375 0.5221354166666666 0.6591796875 0.5546875 0.69140625 0.4778645833333333 0.6494140625 0.4453125
41 0.669921875 0.5533854166666666 0.66796875 0.56640625 0.6728515625 0.5729166666666666 0.7119140625 0.5963541666666666 0.740234375 0.5143229166666666 0.6962890625 0.4869791666666667
42 0.7265625 0.5690104166666666 0.71484375 0.6002604166666666 0.7607421875 0.6328125 0.791015625 0.5533854166666666 0.7490234375 0.5208333333333334
43 0.76953125 0.6315104166666666 0.7705078125 0.6484375 0.8115234375 0.6770833333333334 0.841796875 0.5950520833333334 0.7978515625 0.5625
44 0.828125 0.6497395833333334 0.818359375 0.68359375 0.8623046875 0.7161458333333334 0.892578125 0.6341145833333334 0.8486328125 0.6015625
27 0.158203125 0.29296875 0.1572265625 0.3046875 0.1962890625 0.3333333333333333 0.232421875 0.2591145833333333 0.1904296875 0.22916666666666666
32 0.208984375 0.33203125 0.2099609375 0.34375 0.2490234375 0.3697916666666667 0.283203125 0.29296875 0.2412109375 0.265625
33 0.283203125 0.3216145833333333 0.259765625 0.3763020833333333 0.3017578125 0.40625 0.333984375 0.3294270833333333 0.2978515625 0.3020833333333333
34 0.314453125 0.4075520833333333 0.3134765625 0.4192708333333333 0.3544921875 0.4453125 0.38671875 0.3684895833333333 0.3466796875 0.3411458333333333
35 0.365234375 0.4466145833333333 0.36328125 0.4518229166666667 0.3681640625 0.4583333333333333 0.4052734375 0.484375 0.439453125 0.4075520833333333 0.3974609375 0.3776041666666667
36 0.427734375 0.4622395833333333 0.416015625 0.4986979166666667 0.4560546875 0.5260416666666666 0.48828125 0.4466145833333333 0.4462890625 0.4192708333333333
37 0.46875 0.52734375 0.4697265625 0.5390625 0.5107421875 0.5651041666666666 0.541015625 0.4856770833333333 0.4990234375 0.4583333333333333
38 0.541015625 0.5143229166666666 0.517578125 0.5768229166666666 0.5595703125 0.6067708333333334 0.591796875 0.52734375 0.5537109375 0.4973958333333333
39 0.576171875 0.59765625 0.5703125 0.6184895833333334 0.6123046875 0.6510416666666666 0.64453125 0.5690104166666666 0.6025390625 0.5390625
28 0.6484375 0.5794270833333334 0.62109375 0.6575520833333334 0.6650390625 0.6901041666666666 0.6953125 0.60546875 0.6533203125 0.5755208333333334
29 0.6953125 0.63671875 0.67578125 0.69921875 0.7216796875 0.7291666666666666 0.75 0.64453125 0.7099609375 0.6145833333333334 0.703125 0.6158854166666666
30 0.74609375 0.6809895833333334 0.7265625 0.7408854166666666 0.7724609375 0.7734375 0.802734375 0.6888020833333334 0.7607421875 0.65625 0.75390625 0.66015625
31 0.80859375 0.7018229166666666 0.779296875 0.7825520833333334 0.8251953125 0.8177083333333334 0.857421875 0.7330729166666666 0.8173828125 0.7005208333333334
0 0.12109375 0.3606770833333333 0.107421875 0.3919270833333333 0.1474609375 0.4244791666666667 0.185546875 0.3502604166666667 0.1455078125 0.3177083333333333
5 0.162109375 0.4231770833333333 0.16015625 0.43359375 0.1650390625 0.4401041666666667 0.2001953125 0.4661458333333333 0.236328125 0.3893229166666667 0.1982421875 0.3567708333333333
6 0.2109375 0.4622395833333333 0.208984375 0.4700520833333333 0.2138671875 0.4765625 0.2509765625 0.5026041666666666 0.287109375 0.42578125 0.2470703125 0.3932291666666667
7 0.265625 0.4934895833333333 0.259765625 0.5091145833333334 0.3017578125 0.5416666666666666 0.337890625 0.4622395833333333 0.2958984375 0.4322916666666667
8 0.3359375 0.49609375 0.3125 0.5533854166666666 0.3544921875 0.5833333333333334 0.388671875 0.50390625 0.3505859375 0.4739583333333333
9 0.369140625 0.58203125 0.3662109375 0.5963541666666666 0.4091796875 0.625 0.443359375 0.5455729166666666 0.4013671875 0.5130208333333334
10 0.421875 0.6158854166666666 0.416015625 0.63671875 0.4599609375 0.6666666666666666 0.4921875 0.5872395833333334 0.4521484375 0.5546875
11 0.474609375 0.65234375 0.466796875 0.6731770833333334 0.5107421875 0.7057291666666666 0.544921875 0.6263020833333334 0.5029296875 0.5911458333333334
12 0.5234375 0.7044270833333334 0.5224609375 0.71875 0.5634765625 0.75 0.59765625 0.6653645833333334 0.5537109375 0.6328125
1 0.576171875 0.74609375 0.5751953125 0.7604166666666666 0.6181640625 0.7916666666666666 0.650390625 0.71484375 0.650390625 0.7044270833333334 0.6064453125 0.6744791666666666
2 0.66015625 0.7174479166666666 0.630859375 0.8033854166666666 0.6748046875 0.8359375 0.70703125 0.7486979166666666 0.6728515625 0.7213541666666666
3 0.69921875 0.79296875 0.681640625 0.8424479166666666 0.7294921875 0.8776041666666666 0.759765625 0.7903645833333334 0.7138671875 0.7578125
4 0.767578125 0.80078125 0.736328125 0.8841145833333334 0.7841796875 0.921875 0.81640625 0.8346354166666666 0.7802734375 0.8046875
26 0.328125 0.7200520833333334 0.32421875 0.73046875 0.3271484375 0.7369791666666666 0.3681640625 0.765625 0.404296875 0.6809895833333334 0.3642578125 0.6484375
26 0.39453125 0.7591145833333334 0.384765625 0.7877604166666666 0.4287109375 0.8203125 0.462890625 0.7330729166666666 0.4208984375 0.7005208333333334