32 0.662109375 0.7565104166666666 0.66015625 0.7643229166666666 0.6669921875 0.7734375 0.7060546875 0.8098958333333334 0.7138671875 0.8098958333333334 0.76171875 0.71484375 0.7099609375 0.6692708333333334
33 0.3642578125 0.4244791666666667 0.361328125 0.4361979166666667 0.4150390625 0.5182291666666666 0.4609375 0.4700520833333333 0.455078125 0.4518229166666667 0.4072265625 0.3802083333333333
35 0.60546875 0.13671875 0.59765625 0.15755208333333334 0.6044921875 0.16666666666666666 0.6728515625 0.21614583333333334 0.705078125 0.14973958333333334 0.7001953125 0.13802083333333334 0.6318359375 0.0859375
36 0.173828125 0.38671875 0.169921875 0.4127604166666667 0.1728515625 0.421875 0.2294921875 0.4375 0.248046875 0.3268229166666667 0.1904296875 0.3072916666666667
37 0.822265625 0.66796875 0.8203125 0.7799479166666666 0.8251953125 0.7864583333333334 0.8857421875 0.7890625 0.888671875 0.6705729166666666
38 0.291015625 0.20703125 0.275390625 0.27734375 0.3564453125 0.3151041666666667 0.375 0.23567708333333334 0.2958984375 0.20052083333333334
29 0.4814453125 0.2109375 0.478515625 0.21744791666666666 0.482421875 0.22526041666666666 0.5205078125 0.2786458333333333 0.5859375 0.19921875 0.5546875 0.14973958333333334 0.5439453125 0.140625
30 0.2861328125 0.734375 0.271484375 0.7591145833333334 0.3095703125 0.8151041666666666 0.375 0.7408854166666666 0.3388671875 0.6822916666666666 0.3291015625 0.6848958333333334
46 0.3916015625 0.7994791666666666 0.392578125 0.8190104166666666 0.4208984375 0.9088541666666666 0.4765625 0.8841145833333334 0.4462890625 0.7734375
47 0.578125 0.3033854166666667 0.5625 0.3372395833333333 0.6318359375 0.4036458333333333 0.638671875 0.3997395833333333 0.669921875 0.3424479166666667 0.6669921875 0.3307291666666667 0.6005859375 0.2708333333333333
48 0.7041015625 0.4661458333333333 0.701171875 0.4752604166666667 0.7314453125 0.578125 0.791015625 0.55078125 0.7626953125 0.4427083333333333
51 0.2841796875 0.5598958333333334 0.28125 0.56640625 0.3037109375 0.671875 0.3154296875 0.671875 0.36328125 0.6497395833333334 0.3408203125 0.5416666666666666
41 0.513671875 0.63671875 0.51171875 0.64453125 0.5185546875 0.6536458333333334 0.5595703125 0.6822916666666666 0.5673828125 0.6822916666666666 0.607421875 0.5846354166666666 0.5537109375 0.5442708333333334
42 0.5615234375 0.4166666666666667 0.560546875 0.4309895833333333 0.5830078125 0.53125 0.642578125 0.5091145833333334 0.6201171875 0.3984375
3 0.1455078125 0.578125 0.142578125 0.5846354166666666 0.1650390625 0.6901041666666666 0.22265625 0.6705729166666666 0.2041015625 0.5598958333333334
6 0.548828125 0.8216145833333334 0.546875 0.8346354166666666 0.5927734375 0.8828125 0.6484375 0.79296875 0.6044921875 0.7421875 0.5986328125 0.7421875