45 0.8138020833333334 0.501953125 0.8255208333333334 0.5556640625 0.8372395833333334 0.57421875 0.8958333333333334 0.5595703125 0.8802083333333334 0.4970703125 0.8736979166666666 0.490234375
46 0.58203125 0.611328125 0.578125 0.6181640625 0.6028645833333334 0.6640625 0.6927083333333334 0.6337890625 0.6705729166666666 0.587890625
47 0.9075520833333334 0.404296875 0.9036458333333334 0.4208984375 0.9140625 0.4736328125 0.9283854166666666 0.4765625 0.9778645833333334 0.46875 0.9661458333333334 0.3994140625 0.9622395833333334 0.396484375
44 0.55078125 0.76953125 0.5390625 0.7802734375 0.57421875 0.8203125 0.58203125 0.8203125 0.65625 0.7763671875 0.6510416666666666 0.7646484375 0.6184895833333334 0.732421875
43 0.3424479166666667 0.220703125 0.2708333333333333 0.2744140625 0.32421875 0.31640625 0.3984375 0.2646484375 0.3854166666666667 0.2470703125 0.3502604166666667 0.220703125
43 0.18880208333333334 0.38671875 0.1796875 0.3974609375 0.2513020833333333 0.45703125 0.26171875 0.455078125 0.3098958333333333 0.4228515625 0.23828125 0.359375
35 0.5494791666666666 0.3779296875 0.5286458333333334 0.4208984375 0.6184895833333334 0.44921875 0.6432291666666666 0.4013671875 0.5611979166666666 0.37109375
36 0.8294270833333334 0.650390625 0.7864583333333334 0.6865234375 0.84765625 0.736328125 0.8828125 0.7099609375 0.890625 0.6982421875 0.8489583333333334 0.6611328125
37 0.3515625 0.4970703125 0.3463541666666667 0.5068359375 0.3502604166666667 0.513671875 0.4388020833333333 0.54296875 0.46875 0.4931640625 0.3763020833333333 0.4609375
39 0.4322916666666667 0.6435546875 0.3854166666666667 0.6806640625 0.3854166666666667 0.6865234375 0.4361979166666667 0.720703125 0.5078125 0.6630859375 0.4596354166666667 0.626953125
29 0.6002604166666666 0.08984375 0.5989583333333334 0.1025390625 0.62109375 0.146484375 0.7018229166666666 0.130859375 0.7135416666666666 0.1240234375 0.6888020833333334 0.072265625
30 0.4479166666666667 0.2587890625 0.4166666666666667 0.3076171875 0.48046875 0.3359375 0.5286458333333334 0.2666015625 0.4700520833333333 0.23828125 0.4609375 0.2412109375
30 0.765625 0.3740234375 0.7669270833333334 0.42578125 0.8567708333333334 0.4248046875 0.8580729166666666 0.375 0.7747395833333334 0.37109375
27 0.049479166666666664 0.4150390625 0.046875 0.4189453125 0.055989583333333336 0.42578125 0.13671875 0.470703125 0.1484375 0.4677734375 0.19010416666666666 0.4267578125 0.09765625 0.373046875
2 0.44921875 0.1484375 0.4479166666666667 0.1591796875 0.4713541666666667 0.2294921875 0.5403645833333334 0.220703125 0.5416666666666666 0.2080078125 0.5208333333333334 0.1435546875 0.5013020833333334 0.140625
2 0.37890625 0.75 0.3697916666666667 0.7587890625 0.40234375 0.8046875 0.4921875 0.7685546875 0.46484375 0.71875
3 0.13151041666666666 0.75 0.1328125 0.7587890625 0.17057291666666666 0.798828125 0.265625 0.7548828125 0.2604166666666667 0.7412109375 0.22526041666666666 0.705078125
1 0.56640625 0.54296875 0.5625 0.5517578125 0.59765625 0.58984375 0.61328125 0.5859375 0.6796875 0.5478515625 0.64453125 0.505859375
9 0.4322916666666667 0.5654296875 0.4088541666666667 0.5888671875 0.4856770833333333 0.63671875 0.5286458333333334 0.6005859375 0.5286458333333334 0.5947265625 0.4596354166666667 0.546875
20 0.0026041666666666665 0.5068359375 0 0.5126953125 0.006510416666666667 0.517578125 0.09505208333333333 0.5546875 0.10677083333333333 0.5517578125 0.14322916666666666 0.5087890625 0.12630208333333334 0.49609375 0.045572916666666664 0.462890625 0.036458333333333336 0.4658203125
14 0.67578125 0.6640625 0.6927083333333334 0.7373046875 0.75390625 0.7265625 0.7578125 0.7158203125 0.7421875 0.6572265625 0.7356770833333334 0.65234375
14 0.1171875 0.1748046875 0.11588541666666667 0.18359375 0.18359375 0.21875 0.24739583333333334 0.1533203125 0.17838541666666666 0.115234375
17 0.16276041666666666 0.578125 0.16145833333333334 0.5830078125 0.22005208333333334 0.6484375 0.2864583333333333 0.6181640625 0.2682291666666667 0.5908203125 0.22786458333333334 0.548828125
16 0.7369791666666666 0.2041015625 0.7213541666666666 0.2255859375 0.7955729166666666 0.271484375 0.8333333333333334 0.2294921875 0.7643229166666666 0.18359375