18 0.5654296875 0.3645833333333333 0.560546875 0.37109375 0.5625 0.37890625 0.6181640625 0.484375 0.681640625 0.4361979166666667 0.6259765625 0.328125
24 0.3837890625 0.2526041666666667 0.380859375 0.2591145833333333 0.388671875 0.2799479166666667 0.4287109375 0.3645833333333333 0.494140625 0.3216145833333333 0.4443359375 0.21875
25 0.4482421875 0.21354166666666666 0.447265625 0.22265625 0.4951171875 0.3229166666666667 0.5546875 0.2799479166666667 0.5068359375 0.18229166666666666 0.4931640625 0.18489583333333334
14 0.5087890625 0.17708333333333334 0.5078125 0.18359375 0.5576171875 0.28125 0.615234375 0.24348958333333334 0.607421875 0.22005208333333334 0.5654296875 0.14583333333333334
15 0.5712890625 0.13802083333333334 0.56640625 0.14453125 0.568359375 0.14973958333333334 0.6181640625 0.23958333333333334 0.673828125 0.20442708333333334 0.669921875 0.18880208333333334 0.6220703125 0.11197916666666667
16 0.6240234375 0.10416666666666667 0.626953125 0.11848958333333333 0.6748046875 0.20052083333333334 0.73046875 0.16536458333333334 0.6767578125 0.07552083333333333
17 0.2607421875 0.4973958333333333 0.255859375 0.50390625 0.2578125 0.5091145833333334 0.3095703125 0.625 0.380859375 0.5716145833333334 0.3291015625 0.453125 0.3212890625 0.453125
44 0.1845703125 0.5520833333333334 0.18359375 0.5611979166666666 0.2314453125 0.6822916666666666 0.2568359375 0.6692708333333334 0.306640625 0.62890625 0.2568359375 0.5052083333333334 0.2490234375 0.5052083333333334
45 0.6884765625 0.2838541666666667 0.689453125 0.29296875 0.7451171875 0.390625 0.802734375 0.3528645833333333 0.802734375 0.3450520833333333 0.7431640625 0.24739583333333334
32 0.6279296875 0.3229166666666667 0.626953125 0.33203125 0.6826171875 0.4348958333333333 0.744140625 0.3919270833333333 0.6865234375 0.2864583333333333
31 0.1083984375 0.6041666666666666 0.107421875 0.62109375 0.1513671875 0.7421875 0.23046875 0.6861979166666666 0.1787109375 0.5546875
11 0.3486328125 0.7994791666666666 0.34375 0.8111979166666666 0.4013671875 0.9583333333333334 0.478515625 0.8971354166666666 0.4208984375 0.7473958333333334
12 0.4228515625 0.7421875 0.423828125 0.7565104166666666 0.4814453125 0.8932291666666666 0.556640625 0.83203125 0.4951171875 0.6901041666666666
1 0.5009765625 0.6796875 0.49609375 0.6861979166666666 0.498046875 0.6966145833333334 0.5576171875 0.828125 0.62890625 0.76953125 0.5654296875 0.6328125
2 0.5712890625 0.625 0.56640625 0.6315104166666666 0.5703125 0.6419270833333334 0.6298828125 0.765625 0.69921875 0.7096354166666666 0.6337890625 0.5807291666666666
3 0.6376953125 0.5703125 0.634765625 0.58203125 0.7001953125 0.7057291666666666 0.765625 0.6549479166666666 0.7001953125 0.5286458333333334