9 0.1953125 0.5481770833333334 0.265625 0.49609375 0.265625 0.48828125 0.2119140625 0.3645833333333333 0.138671875 0.4153645833333333 0.138671875 0.4231770833333333 0.185546875 0.5455729166666666
10 0.451171875 0.4700520833333333 0.51953125 0.4231770833333333 0.513671875 0.40234375 0.4658203125 0.296875 0.39453125 0.33984375 0.443359375 0.46484375
11 0.52734375 0.4205729166666667 0.591796875 0.3736979166666667 0.5361328125 0.2526041666666667 0.46875 0.2955729166666667 0.51953125 0.4205729166666667
12 0.59765625 0.37109375 0.6513671875 0.3359375 0.662109375 0.32421875 0.6044921875 0.20572916666666666 0.537109375 0.24869791666666666 0.587890625 0.36328125 0.5927734375 0.3723958333333333
1 0.72265625 0.6653645833333334 0.7890625 0.6158854166666666 0.77734375 0.58203125 0.7255859375 0.4765625 0.654296875 0.5247395833333334 0.658203125 0.54296875 0.7109375 0.66015625 0.7158203125 0.6666666666666666
26 0.380859375 0.8268229166666666 0.455078125 0.7721354166666666 0.455078125 0.76171875 0.4013671875 0.6197916666666666 0.3720703125 0.6354166666666666 0.322265625 0.6731770833333334 0.37109375 0.82421875
49 0.115234375 0.6028645833333334 0.185546875 0.55078125 0.185546875 0.54296875 0.1357421875 0.4166666666666667 0.056640625 0.4700520833333333 0.1015625 0.59765625 0.1064453125 0.6041666666666666
52 0.291015625 0.8893229166666666 0.373046875 0.8294270833333334 0.3193359375 0.6744791666666666 0.3095703125 0.6770833333333334 0.236328125 0.73046875 0.283203125 0.8815104166666666
41 0.796875 0.6106770833333334 0.8603515625 0.5651041666666666 0.861328125 0.55859375 0.7958984375 0.4270833333333333 0.7314453125 0.46875 0.728515625 0.4778645833333333 0.7890625 0.6080729166666666
42 0.4609375 0.7643229166666666 0.53515625 0.7096354166666666 0.494140625 0.59765625 0.4775390625 0.5625 0.40234375 0.61328125 0.453125 0.7591145833333334
43 0.54296875 0.7044270833333334 0.61328125 0.6549479166666666 0.61328125 0.6471354166666666 0.5537109375 0.5104166666666666 0.48046875 0.5611979166666666 0.53515625 0.7044270833333334
14 0.8671875 0.55859375 0.9267578125 0.5182291666666666 0.9296875 0.5065104166666666 0.875 0.3971354166666667 0.8662109375 0.3828125 0.8603515625 0.3828125 0.8017578125 0.421875 0.798828125 0.4283854166666667 0.857421875 0.55078125
36 0.275390625 0.4934895833333333 0.34375 0.4440104166666667 0.328125 0.3997395833333333 0.2880859375 0.3151041666666667 0.216796875 0.3658854166666667 0.216796875 0.3736979166666667 0.265625 0.4908854166666667