0 0.54296875 0.255859375 0.5338541666666666 0.2646484375 0.56640625 0.2890625 0.6145833333333334 0.2587890625 0.6067708333333334 0.2470703125 0.5846354166666666 0.232421875
0 0.2916666666666667 0.4697265625 0.2760416666666667 0.4912109375 0.3190104166666667 0.509765625 0.3567708333333333 0.4697265625 0.3567708333333333 0.4638671875 0.31640625 0.4453125
5 0.09114583333333333 0.5380859375 0.0859375 0.5458984375 0.08984375 0.548828125 0.13151041666666666 0.56640625 0.17447916666666666 0.5205078125 0.12890625 0.5
6 0.6471354166666666 0.451171875 0.6432291666666666 0.4580078125 0.6731770833333334 0.484375 0.7291666666666666 0.4541015625 0.7018229166666666 0.42578125 0.6940104166666666 0.42578125
6 0.73828125 0.50390625 0.7265625 0.5166015625 0.7565104166666666 0.541015625 0.7643229166666666 0.541015625 0.8125 0.5087890625 0.7799479166666666 0.48046875
7 0.20703125 0.58203125 0.203125 0.5908203125 0.22265625 0.62109375 0.2916666666666667 0.5966796875 0.2721354166666667 0.560546875
4 0.3828125 0.4423828125 0.375 0.4814453125 0.42578125 0.48828125 0.4375 0.4384765625 0.38671875 0.431640625
26 0.4401041666666667 0.4912109375 0.4244791666666667 0.5166015625 0.4700520833333333 0.533203125 0.5026041666666666 0.4853515625 0.45703125 0.470703125
26 0.421875 0.3740234375 0.4114583333333333 0.3876953125 0.44921875 0.408203125 0.4921875 0.3681640625 0.4544270833333333 0.34765625
27 0.4427083333333333 0.2685546875 0.44140625 0.294921875 0.5104166666666666 0.2978515625 0.51171875 0.263671875 0.4466145833333333 0.259765625
35 0.33984375 0.193359375 0.3385416666666667 0.2392578125 0.38671875 0.240234375 0.3854166666666667 0.1943359375
36 0.77734375 0.587890625 0.7708333333333334 0.5947265625 0.80859375 0.642578125 0.8541666666666666 0.6240234375 0.81640625 0.57421875
36 0.4244791666666667 0.5810546875 0.4192708333333333 0.6025390625 0.4231770833333333 0.611328125 0.4947916666666667 0.6181640625 0.5013020833333334 0.578125 0.4283854166666667 0.5703125
37 0.57421875 0.625 0.58203125 0.66796875 0.65625 0.6591796875 0.6471354166666666 0.619140625
38 0.2734375 0.3154296875 0.2721354166666667 0.33984375 0.3411458333333333 0.3447265625 0.3450520833333333 0.310546875 0.27734375 0.3046875
39 0.04296875 0.447265625 0.044270833333333336 0.4599609375 0.06901041666666667 0.498046875 0.1171875 0.4814453125 0.08984375 0.43359375
31 0.41015625 0.66796875 0.40625 0.6748046875 0.4231770833333333 0.7109375 0.4947916666666667 0.6923828125 0.48046875 0.65234375
40 0.83203125 0.412109375 0.828125 0.4189453125 0.8580729166666666 0.443359375 0.8658854166666666 0.443359375 0.9140625 0.4111328125 0.8763020833333334 0.384765625
40 0.375 0.2685546875 0.359375 0.2998046875 0.4231770833333333 0.318359375 0.4401041666666667 0.2861328125 0.3919270833333333 0.26953125
45 0.6328125 0.5595703125 0.6263020833333334 0.587890625 0.6888020833333334 0.603515625 0.7005208333333334 0.6025390625 0.7096354166666666 0.564453125 0.6419270833333334 0.548828125
46 0.19270833333333334 0.6982421875 0.17708333333333334 0.7255859375 0.21744791666666666 0.7421875 0.22786458333333334 0.7421875 0.2630208333333333 0.6884765625 0.21484375 0.669921875
47 0.3229166666666667 0.7392578125 0.2890625 0.7939453125 0.33984375 0.8125 0.375 0.7568359375 0.33203125 0.73828125
51 0.16015625 0.43359375 0.15364583333333334 0.4404296875 0.18619791666666666 0.484375 0.23177083333333334 0.4677734375 0.19921875 0.419921875
52 0.5325520833333334 0.4921875 0.5338541666666666 0.4990234375 0.57421875 0.537109375 0.6145833333333334 0.5146484375 0.5716145833333334 0.47265625
50 0.5065104166666666 0.373046875 0.5026041666666666 0.3876953125 0.5091145833333334 0.41015625 0.578125 0.4013671875 0.5690104166666666 0.3671875
41 0.2630208333333333 0.3740234375 0.2604166666666667 0.4228515625 0.3111979166666667 0.42578125 0.3151041666666667 0.3759765625
44 0.6536458333333334 0.3486328125 0.6302083333333334 0.3720703125 0.66796875 0.392578125 0.7109375 0.3544921875 0.6783854166666666 0.333984375
18 0.20052083333333334 0.3232421875 0.19791666666666666 0.3701171875 0.24609375 0.373046875 0.2526041666666667 0.3544921875 0.2526041666666667 0.3212890625
22 0.24739583333333334 0.2431640625 0.24348958333333334 0.275390625 0.3059895833333333 0.283203125 0.3125 0.2802734375 0.3177083333333333 0.2568359375 0.3138020833333333 0.24609375 0.26171875 0.240234375
22 0.6354166666666666 0.7333984375 0.6276041666666666 0.7626953125 0.6809895833333334 0.775390625 0.7005208333333334 0.7177734375 0.6471354166666666 0.705078125
24 0.06380208333333333 0.369140625 0.059895833333333336 0.4208984375 0.11067708333333333 0.419921875 0.11197916666666667 0.3681640625
17 0.48046875 0.716796875 0.48828125 0.759765625 0.5651041666666666 0.7509765625 0.5559895833333334 0.708984375