19 0.5322265625 0.53125 0.525390625 0.5403645833333334 0.52734375 0.5481770833333334 0.5849609375 0.671875 0.6083984375 0.6588541666666666 0.728515625 0.5611979166666666 0.724609375 0.54296875 0.69140625 0.4700520833333333 0.6669921875 0.4270833333333333
24 0.05859375 0.55859375 0.05078125 0.5794270833333334 0.0556640625 0.5885416666666666 0.1357421875 0.6510416666666666 0.1572265625 0.6588541666666666 0.240234375 0.4674479166666667 0.1591796875 0.4010416666666667 0.1376953125 0.390625
25 0.3359375 0.28515625 0.33203125 0.3268229166666667 0.3369140625 0.3333333333333333 0.4443359375 0.359375 0.4765625 0.14713541666666666 0.3662109375 0.1171875 0.361328125 0.12369791666666667
14 0.3515625 0.4388020833333333 0.3427734375 0.4895833333333333 0.4970703125 0.5598958333333334 0.5078125 0.5377604166666666 0.537109375 0.4127604166666667 0.5205078125 0.4010416666666667 0.3798828125 0.34375
17 0.701171875 0.4283854166666667 0.689453125 0.4596354166666667 0.6923828125 0.46875 0.8291015625 0.5651041666666666 0.8408203125 0.5651041666666666 0.84765625 0.5559895833333334 0.892578125 0.4361979166666667 0.8876953125 0.4244791666666667 0.7509765625 0.328125 0.73828125 0.3346354166666667
42 0.5283203125 0.2916666666666667 0.53125 0.36328125 0.5419921875 0.4453125 0.6845703125 0.4270833333333333 0.705078125 0.41796875 0.701171875 0.3372395833333333 0.6904296875 0.2682291666666667
37 0.1796875 0.38671875 0.177734375 0.41015625 0.1865234375 0.4192708333333333 0.2939453125 0.4401041666666667 0.298828125 0.4309895833333333 0.31640625 0.29296875 0.3203125 0.22265625 0.2080078125 0.20052083333333334 0.203125 0.21223958333333334
31 0.375 0.72265625 0.373046875 0.7330729166666666 0.3779296875 0.7395833333333334 0.4697265625 0.8229166666666666 0.56640625 0.63671875 0.4775390625 0.5520833333333334 0.4677734375 0.5494791666666666
31 0.53515625 0.13671875 0.53515625 0.18880208333333334 0.5478515625 0.2864583333333333 0.7001953125 0.2708333333333333 0.7109375 0.26171875 0.69921875 0.12369791666666667 0.6943359375 0.11458333333333333
4 0.181640625 0.60546875 0.1767578125 0.6302083333333334 0.2783203125 0.703125 0.357421875 0.52734375 0.361328125 0.5065104166666666 0.2783203125 0.4427083333333333 0.2587890625 0.4348958333333333
12 0.5458984375 0.7291666666666666 0.537109375 0.7408854166666666 0.5390625 0.7513020833333334 0.6435546875 0.9244791666666666 0.736328125 0.82421875 0.6298828125 0.6458333333333334 0.6220703125 0.6484375