27 0.4970703125 0.5364583333333334 0.4921875 0.5481770833333334 0.5283203125 0.6223958333333334 0.5341796875 0.6223958333333334 0.615234375 0.55078125 0.5771484375 0.4713541666666667
39 0.2294921875 0.3489583333333333 0.2265625 0.3606770833333333 0.2568359375 0.4348958333333333 0.2841796875 0.421875 0.34765625 0.3763020833333333 0.3173828125 0.2942708333333333
28 0.4677734375 0.8020833333333334 0.462890625 0.8190104166666666 0.4921875 0.93359375 0.4990234375 0.9427083333333334 0.564453125 0.91015625 0.5302734375 0.7760416666666666
13 0.67578125 0.40234375 0.66015625 0.4309895833333333 0.7294921875 0.5208333333333334 0.7353515625 0.5208333333333334 0.779296875 0.4596354166666667 0.779296875 0.4518229166666667 0.7080078125 0.3619791666666667
21 0.4140625 0.41015625 0.3857142857142858 0.44571428571428573 0.4384765625 0.5078125 0.4443359375 0.5078125 0.509765625 0.41796875 0.509765625 0.41015625 0.4638671875 0.3515625 0.4580078125 0.3515625
24 0.328125 0.24869791666666666 0.3212890625 0.2890625 0.4111328125 0.3333333333333333 0.419921875 0.3216145833333333 0.4375 0.25390625 0.4345703125 0.2421875 0.3466796875 0.20052083333333334 0.341796875 0.20442708333333334
8 0.4150390625 0.1328125 0.408203125 0.14192708333333334 0.412109375 0.15494791666666666 0.4697265625 0.24479166666666666 0.5234375 0.18880208333333334 0.5234375 0.18098958333333334 0.4619140625 0.0859375
11 0.232421875 0.23046875 0.22265625 0.2513020833333333 0.2783203125 0.3098958333333333 0.337890625 0.21744791666666666 0.33984375 0.20703125 0.2861328125 0.15104166666666666
10 0.6435546875 0.5416666666666666 0.640625 0.5559895833333334 0.6708984375 0.6744791666666666 0.740234375 0.6471354166666666 0.7080078125 0.5182291666666666
1 0.1640625 0.4518229166666667 0.15625 0.47265625 0.2333984375 0.5494791666666666 0.244140625 0.54296875 0.279296875 0.4778645833333333 0.2763671875 0.46875 0.2021484375 0.3984375 0.193359375 0.3997395833333333
50 0.55859375 0.17578125 0.529296875 0.24609375 0.5673828125 0.28125 0.5888671875 0.2916666666666667 0.638671875 0.18098958333333334 0.5849609375 0.13541666666666666 0.576171875 0.13932291666666666
43 0.369140625 0.5638020833333334 0.36328125 0.62890625 0.3662109375 0.6458333333333334 0.4521484375 0.6588541666666666 0.466796875 0.6549479166666666 0.4716796875 0.5625 0.3720703125 0.5494791666666666