27 0.3359375 0.6028645833333334 0.3662109375 0.6015625 0.37109375 0.5950520833333334 0.3671875 0.4361979166666667 0.3603515625 0.4322916666666667 0.2841796875 0.4348958333333333 0.279296875 0.4388020833333333 0.28125 0.6028645833333334
32 0.1953125 0.2877604166666667 0.2470703125 0.2864583333333333 0.25 0.2825520833333333 0.25 0.12630208333333334 0.2451171875 0.11979166666666667 0.1650390625 0.11979166666666667 0.16015625 0.12369791666666667 0.16015625 0.28515625 0.1669921875 0.2890625
33 0.337890625 0.2825520833333333 0.337890625 0.11848958333333333 0.2529296875 0.1171875 0.25 0.12109375 0.25 0.2825520833333333
35 0.515625 0.28515625 0.515625 0.12109375 0.4306640625 0.11979166666666667 0.427734375 0.12369791666666667 0.427734375 0.2825520833333333 0.4306640625 0.2864583333333333
26 0.42578125 0.28515625 0.427734375 0.12109375 0.4248046875 0.1171875 0.3427734375 0.1171875 0.33984375 0.12109375 0.33984375 0.2825520833333333 0.3447265625 0.2864583333333333
0 0.3828125 0.6002604166666666 0.4326171875 0.5989583333333334 0.4609375 0.5924479166666666 0.458984375 0.47265625 0.4541015625 0.4296875 0.3720703125 0.4322916666666667 0.369140625 0.4361979166666667 0.37109375 0.59765625
8 0.671875 0.8658854166666666 0.67578125 0.8216145833333334 0.67578125 0.69921875 0.6416015625 0.6927083333333334 0.5888671875 0.6927083333333334 0.5859375 0.6966145833333334 0.583984375 0.8606770833333334 0.5869140625 0.8645833333333334
1 0.677734375 0.4153645833333333 0.6796875 0.25390625 0.6748046875 0.25 0.5927734375 0.25 0.58984375 0.25390625 0.587890625 0.35546875 0.58984375 0.4153645833333333
2 0.765625 0.41796875 0.767578125 0.2591145833333333 0.7626953125 0.2526041666666667 0.6806640625 0.2526041666666667 0.6796875 0.4153645833333333 0.6826171875 0.4192708333333333
3 0.8515625 0.4205729166666667 0.85546875 0.2591145833333333 0.8505859375 0.2552083333333333 0.7705078125 0.2526041666666667 0.767578125 0.2565104166666667 0.767578125 0.41796875
4 0.94140625 0.4231770833333333 0.94140625 0.26171875 0.8583984375 0.2578125 0.85546875 0.26171875 0.85546875 0.4205729166666667 0.8583984375 0.4244791666666667
40 0.15234375 0.6080729166666666 0.1865234375 0.6067708333333334 0.189453125 0.6028645833333334 0.1875 0.44140625 0.1826171875 0.4375 0.1005859375 0.4401041666666667 0.099609375 0.60546875 0.1025390625 0.609375
13 0.208984375 0.60546875 0.2744140625 0.6041666666666666 0.279296875 0.6002604166666666 0.27734375 0.4388020833333333 0.2744140625 0.4348958333333333 0.2177734375 0.4348958333333333 0.1875 0.44140625 0.189453125 0.6028645833333334 0.1923828125 0.6067708333333334
21 0.494140625 0.86328125 0.49609375 0.6940104166666666 0.4111328125 0.6901041666666666 0.40625 0.7018229166666666 0.404296875 0.8606770833333334 0.4072265625 0.8645833333333334
48 0.583984375 0.86328125 0.5859375 0.69921875 0.5810546875 0.6927083333333334 0.5009765625 0.6901041666666666 0.49609375 0.7200520833333334 0.494140625 0.8580729166666666 0.4990234375 0.8645833333333334