52 0.0869140625 0.109375 0.0859375 0.12369791666666667 0.099609375 0.19401041666666666 0.1142578125 0.24739583333333334 0.18359375 0.22265625 0.1552734375 0.0859375
41 0.1630859375 0.08072916666666667 0.158203125 0.08723958333333333 0.1865234375 0.21875 0.2578125 0.19140625 0.2294921875 0.057291666666666664
42 0.2333984375 0.052083333333333336 0.232421875 0.06640625 0.255859375 0.18359375 0.2607421875 0.19010416666666666 0.33203125 0.16276041666666666 0.3017578125 0.026041666666666668
51 0.4658203125 0.8177083333333334 0.46484375 0.8294270833333334 0.47265625 0.8528645833333334 0.5126953125 0.9557291666666666 0.58203125 0.91015625 0.5302734375 0.7734375
46 0.0537109375 0.7864583333333334 0.052734375 0.80078125 0.0869140625 0.9244791666666666 0.1064453125 0.9192708333333334 0.158203125 0.8893229166666666 0.1220703125 0.7526041666666666
6 0.1298828125 0.75 0.125 0.7591145833333334 0.1611328125 0.8880208333333334 0.1767578125 0.8854166666666666 0.234375 0.8502604166666666 0.1943359375 0.71875
11 0.5380859375 0.7682291666666666 0.53515625 0.7799479166666666 0.5830078125 0.9088541666666666 0.654296875 0.86328125 0.6025390625 0.7291666666666666
3 0.3720703125 0.359375 0.369140625 0.37109375 0.4267578125 0.484375 0.4716796875 0.4479166666666667 0.490234375 0.42578125 0.4326171875 0.3098958333333333
33 0.2001953125 0.7135416666666666 0.197265625 0.72265625 0.201171875 0.73828125 0.2353515625 0.8515625 0.30859375 0.8111979166666666 0.2685546875 0.6770833333333334
30 0.3095703125 0.4166666666666667 0.3046875 0.4231770833333333 0.306640625 0.4361979166666667 0.3623046875 0.5416666666666666 0.3701171875 0.5416666666666666 0.42578125 0.4856770833333333 0.3662109375 0.3697916666666667
29 0.8583984375 0.2838541666666667 0.857421875 0.30078125 0.8857421875 0.4270833333333333 0.958984375 0.3971354166666667 0.9287109375 0.2604166666666667
28 0.7802734375 0.3072916666666667 0.779296875 0.3190104166666667 0.8076171875 0.4479166666666667 0.8828125 0.4205729166666667 0.8525390625 0.2838541666666667
39 0.7041015625 0.3359375 0.701171875 0.3502604166666667 0.7294921875 0.4765625 0.7431640625 0.4765625 0.806640625 0.44921875 0.78125 0.32421875 0.7744140625 0.3098958333333333
24 0.6064453125 0.7239583333333334 0.623046875 0.7799479166666666 0.6572265625 0.8619791666666666 0.724609375 0.81640625 0.6748046875 0.6822916666666666 0.6611328125 0.6848958333333334
43 0.4365234375 0.3020833333333333 0.43359375 0.3111979166666667 0.439453125 0.32421875 0.4931640625 0.4244791666666667 0.5546875 0.3684895833333333 0.4931640625 0.25