34 0.0595703125 0.3203125 0.056640625 0.3424479166666667 0.064453125 0.4830729166666667 0.1455078125 0.4869791666666667 0.1484375 0.46484375 0.142578125 0.3216145833333333
38 0.1455078125 0.3203125 0.1484375 0.4830729166666667 0.1884765625 0.4895833333333333 0.2353515625 0.4869791666666667 0.23828125 0.4388020833333333 0.234375 0.32421875 0.2294921875 0.3177083333333333
30 0.2509765625 0.3203125 0.25390625 0.4856770833333333 0.3408203125 0.4895833333333333 0.341796875 0.32421875 0.3349609375 0.3177083333333333
5 0.3681640625 0.3203125 0.369140625 0.48828125 0.4560546875 0.4895833333333333 0.45703125 0.3216145833333333
6 0.4619140625 0.3203125 0.458984375 0.4856770833333333 0.4697265625 0.4921875 0.5458984375 0.4921875 0.55078125 0.32421875
8 0.5537109375 0.3203125 0.55078125 0.4908854166666667 0.6396484375 0.4921875 0.64453125 0.3216145833333333
9 0.64453125 0.3502604166666667 0.642578125 0.48828125 0.6630859375 0.4947916666666667 0.7333984375 0.4947916666666667 0.73828125 0.4830729166666667 0.7421875 0.32421875 0.7353515625 0.3177083333333333 0.6513671875 0.3177083333333333 0.646484375 0.3216145833333333
12 0.755859375 0.3528645833333333 0.75390625 0.4908854166666667 0.8115234375 0.4973958333333333 0.8466796875 0.4947916666666667 0.853515625 0.3216145833333333 0.7626953125 0.3177083333333333 0.7578125 0.3216145833333333
3 0.8557142857142858 0.4038095238095238 0.8505859375 0.4947916666666667 0.943359375 0.49609375 0.9521484375 0.3203125 0.8583984375 0.3203125
13 0.1904296875 0.4921875 0.1875 0.51953125 0.193359375 0.6575520833333334 0.2783203125 0.6614583333333334 0.283203125 0.6549479166666666 0.28125 0.49609375 0.2744140625 0.4895833333333333
20 0.3173828125 0.4921875 0.31640625 0.66015625 0.4033203125 0.6640625 0.40625 0.49609375
21 0.4072265625 0.4947916666666667 0.40625 0.66015625 0.4951171875 0.6666666666666666 0.498046875 0.49609375
47 0.673828125 0.5091145833333334 0.673828125 0.6705729166666666 0.7646484375 0.6744791666666666 0.76953125 0.6575520833333334 0.7734375 0.5013020833333334 0.6806640625 0.4947916666666667