27 0.06510416666666667 0.6025390625 0.0546875 0.6630859375 0.06640625 0.66796875 0.14713541666666666 0.673828125 0.15364583333333334 0.6689453125 0.171875 0.5771484375 0.07682291666666667 0.56640625
32 0.13932291666666666 0.1328125 0.13541666666666666 0.1396484375 0.16015625 0.203125 0.2838541666666667 0.1865234375 0.2643229166666667 0.12109375
35 0.7421875 0.1572265625 0.7395833333333334 0.1630859375 0.77734375 0.240234375 0.8515625 0.2216796875 0.8138020833333334 0.142578125
38 0.8684895833333334 0.4609375 0.8645833333333334 0.4736328125 0.8854166666666666 0.5458984375 0.9049479166666666 0.546875 0.9596354166666666 0.537109375 0.9427083333333334 0.4560546875 0.9231770833333334 0.453125
39 0.20963541666666666 0.3671875 0.21354166666666666 0.3798828125 0.2747395833333333 0.451171875 0.3515625 0.4189453125 0.2877604166666667 0.337890625
39 0.5013020833333334 0.75 0.5104166666666666 0.8056640625 0.51953125 0.818359375 0.62109375 0.798828125 0.6354166666666666 0.7919921875 0.6158854166666666 0.73046875
28 0.21744791666666666 0.6328125 0.20833333333333334 0.6416015625 0.27734375 0.716796875 0.2877604166666667 0.716796875 0.3541666666666667 0.6806640625 0.3359375 0.6533203125 0.28515625 0.599609375
18 0.5950520833333334 0.4765625 0.60546875 0.5390625 0.7213541666666666 0.5263671875 0.70703125 0.46484375
19 0.28125 0.5595703125 0.2760416666666667 0.5712890625 0.2799479166666667 0.578125 0.39453125 0.60546875 0.4244791666666667 0.5439453125 0.30859375 0.513671875
20 0.041666666666666664 0.4384765625 0.03125 0.5224609375 0.12369791666666667 0.53125 0.13020833333333334 0.5224609375 0.140625 0.4345703125 0.048177083333333336 0.42578125
21 0.6002604166666666 0.30859375 0.5963541666666666 0.3173828125 0.6471354166666666 0.390625 0.71875 0.3662109375 0.71875 0.3583984375 0.66796875 0.28515625
23 0.3307291666666667 0.2431640625 0.3255208333333333 0.2685546875 0.3294270833333333 0.283203125 0.41015625 0.29296875 0.4296875 0.2041015625 0.3450520833333333 0.189453125
15 0.5520833333333334 0.2275390625 0.5520833333333334 0.2373046875 0.5950520833333334 0.283203125 0.6901041666666666 0.2373046875 0.6875 0.2275390625 0.6471354166666666 0.18359375
14 0.7239583333333334 0.2958984375 0.71875 0.3212890625 0.72265625 0.333984375 0.8190104166666666 0.34765625 0.8333333333333334 0.3447265625 0.83984375 0.287109375 0.7330729166666666 0.271484375
17 0.3567708333333333 0.4658203125 0.3528645833333333 0.482421875 0.46484375 0.515625 0.4973958333333333 0.4580078125 0.3841145833333333 0.421875
5 0.08984375 0.724609375 0.0859375 0.7333984375 0.14973958333333334 0.779296875 0.23046875 0.7265625 0.24739583333333334 0.7138671875 0.24739583333333334 0.7080078125 0.19401041666666666 0.6640625 0.18359375 0.662109375
6 0.4036458333333333 0.6845703125 0.3854166666666667 0.7568359375 0.4674479166666667 0.76953125 0.4765625 0.7568359375 0.4973958333333333 0.6748046875 0.4127604166666667 0.662109375
10 0.421875 0.6025390625 0.4231770833333333 0.642578125 0.5442708333333334 0.6435546875 0.546875 0.5810546875 0.5403645833333334 0.578125 0.4283854166666667 0.576171875
10 0.7291666666666666 0.4443359375 0.7291666666666666 0.4541015625 0.76953125 0.525390625 0.7825520833333334 0.525390625 0.84375 0.5029296875 0.80078125 0.421875
1 0.8932291666666666 0.2900390625 0.8776041666666666 0.3076171875 0.9361979166666666 0.345703125 0.9947916666666666 0.2939453125 1 0.2822265625 0.9466145833333334 0.244140625
4 0.8111979166666666 0.71484375 0.8255208333333334 0.7607421875 0.8372395833333334 0.77734375 0.9401041666666666 0.7470703125 0.9153645833333334 0.689453125
47 0.03515625 0.310546875 0.026041666666666668 0.3173828125 0.08463541666666667 0.404296875 0.16927083333333334 0.3759765625 0.11328125 0.2890625
49 0.7096354166666666 0.65234375 0.7239583333333334 0.7412109375 0.7356770833333334 0.744140625 0.80078125 0.734375 0.8046875 0.7197265625 0.7916666666666666 0.6474609375 0.76953125 0.64453125
43 0.5872395833333334 0.576171875 0.578125 0.5849609375 0.6549479166666666 0.65234375 0.7161458333333334 0.6123046875 0.64453125 0.544921875 0.6315104166666666 0.546875
43 0.4661458333333333 0.1669921875 0.4609375 0.2509765625 0.5403645833333334 0.259765625 0.546875 0.2548828125 0.5520833333333334 0.1689453125 0.48046875 0.16015625 0.4700520833333333 0.16015625
44 0.4713541666666667 0.3564453125 0.46875 0.3623046875 0.4752604166666667 0.3671875 0.5794270833333334 0.3984375 0.609375 0.3388671875 0.4986979166666667 0.3046875
42 0.30859375 0.78125 0.3046875 0.7978515625 0.3255208333333333 0.8779296875 0.33203125 0.880859375 0.4127604166666667 0.865234375 0.4166666666666667 0.8564453125 0.3932291666666667 0.7685546875