5 0.1484375 0.4075520833333333 0.123046875 0.4466145833333333 0.1962890625 0.53125 0.24609375 0.4622395833333333 0.24609375 0.4544270833333333 0.2373046875 0.4427083333333333 0.1767578125 0.3776041666666667 0.1689453125 0.3802083333333333
6 0.2275390625 0.3098958333333333 0.1796875 0.37890625 0.2529296875 0.4583333333333333 0.30078125 0.3919270833333333 0.30078125 0.3815104166666667
7 0.255859375 0.26953125 0.232421875 0.3033854166666667 0.232421875 0.3111979166666667 0.3017578125 0.3828125 0.3134765625 0.3776041666666667 0.3515625 0.3216145833333333 0.3505859375 0.3098958333333333 0.2822265625 0.2421875 0.2763671875 0.2421875
8 0.287109375 0.22786458333333334 0.28125 0.23828125 0.2841796875 0.24479166666666666 0.3544921875 0.3151041666666667 0.40234375 0.24869791666666666 0.3310546875 0.17708333333333334 0.3232421875 0.17708333333333334
8 0.244140625 0.84765625 0.2421875 0.8580729166666666 0.2490234375 0.8671875 0.3291015625 0.953125 0.33984375 0.9466145833333334 0.3828125 0.86328125 0.3798828125 0.8515625 0.2958984375 0.765625 0.28515625 0.7747395833333334
9 0.29296875 0.7513020833333334 0.291015625 0.7591145833333334 0.3017578125 0.7734375 0.3798828125 0.8515625 0.4296875 0.7591145833333334 0.3447265625 0.671875 0.3359375 0.6731770833333334
10 0.34375 0.6575520833333334 0.341796875 0.66796875 0.3466796875 0.6744791666666666 0.4306640625 0.7552083333333334 0.478515625 0.6653645833333334 0.3916015625 0.5807291666666666 0.3828125 0.5872395833333334
12 0.1064453125 0.13020833333333334 0.10546875 0.14453125 0.1513671875 0.22916666666666666 0.20703125 0.18098958333333334 0.1611328125 0.09114583333333333
1 0.1669921875 0.08333333333333333 0.162109375 0.08984375 0.1640625 0.09505208333333333 0.2099609375 0.1796875 0.265625 0.13411458333333334 0.265625 0.12630208333333334 0.2197265625 0.044270833333333336
2 0.2255859375 0.033854166666666664 0.220703125 0.040364583333333336 0.22265625 0.048177083333333336 0.2685546875 0.13020833333333334 0.32421875 0.08723958333333333 0.3203125 0.07161458333333333 0.2744140625 0
27 0.4765625 0.3294270833333333 0.455078125 0.38671875 0.45703125 0.3919270833333333 0.5517578125 0.4427083333333333 0.580078125 0.3580729166666667 0.4951171875 0.3098958333333333 0.4873046875 0.3098958333333333
32 0.51953125 0.23046875 0.4921875 0.3059895833333333 0.5849609375 0.359375 0.615234375 0.2799479166666667
33 0.5234375 0.21223958333333334 0.5224609375 0.22916666666666666 0.6142578125 0.2734375 0.640625 0.19661458333333334 0.5498046875 0.15104166666666666
35 0.7685546875 0.078125 0.763671875 0.09244791666666667 0.8291015625 0.17708333333333334 0.884765625 0.12369791666666667 0.8173828125 0.036458333333333336
36 0.8232421875 0.028645833333333332 0.818359375 0.03515625 0.8857421875 0.11979166666666667 0.8974609375 0.11458333333333333 0.935546875 0.07421875 0.9267578125 0.057291666666666664 0.8779296875 0 0.8486328125 0.005208333333333333
47 0.732421875 0.4986979166666667 0.693359375 0.5533854166666666 0.693359375 0.5611979166666666 0.7822265625 0.6614583333333334 0.83203125 0.5846354166666666 0.7470703125 0.4869791666666667
48 0.75 0.4778645833333333 0.7490234375 0.4895833333333333 0.8349609375 0.5859375 0.8828125 0.5169270833333334 0.8759765625 0.5026041666666666 0.7958984375 0.4166666666666667