18 0.62109375 0.4388020833333333 0.619140625 0.59765625 0.7060546875 0.6041666666666666 0.7109375 0.44140625 0.6474609375 0.4348958333333333
24 0.49609375 0.16536458333333334 0.494140625 0.32421875 0.5791015625 0.328125 0.583984375 0.17057291666666666 0.5771484375 0.1640625
25 0.58203125 0.22005208333333334 0.5830078125 0.328125 0.66796875 0.3268229166666667 0.6689453125 0.16927083333333334 0.5849609375 0.1640625
14 0.669921875 0.17317708333333334 0.66796875 0.3268229166666667 0.6845703125 0.3333333333333333 0.7529296875 0.3333333333333333 0.755859375 0.17578125 0.7158203125 0.16927083333333334
15 0.7587890625 0.171875 0.755859375 0.33203125 0.8388671875 0.3359375 0.841796875 0.18098958333333334 0.8369140625 0.17447916666666666
16 0.8427734375 0.17447916666666666 0.841796875 0.33203125 0.9248046875 0.3359375 0.927734375 0.18098958333333334 0.9189453125 0.17447916666666666
17 0.2646484375 0.3489583333333333 0.265625 0.51171875 0.3544921875 0.5104166666666666 0.353515625 0.3502604166666667
45 0.798828125 0.4466145833333333 0.796875 0.60546875 0.8818359375 0.6119791666666666 0.884765625 0.4518229166666667 0.8115234375 0.4427083333333333
44 0.1787109375 0.3489583333333333 0.17578125 0.51171875 0.2607421875 0.5130208333333334 0.263671875 0.3528645833333333
32 0.7109375 0.44140625 0.708984375 0.6028645833333334 0.7958984375 0.6067708333333334 0.796875 0.4440104166666667
31 0.087890625 0.3502604166666667 0.0859375 0.51171875 0.1728515625 0.5130208333333334 0.17578125 0.3528645833333333
11 0.2265625 0.76953125 0.2275390625 0.875 0.314453125 0.8736979166666666 0.3173828125 0.7057291666666666 0.2333984375 0.703125 0.228515625 0.7096354166666666
12 0.318359375 0.7122395833333334 0.31640625 0.8736979166666666 0.4013671875 0.8776041666666666 0.40625 0.87109375 0.40625 0.70703125 0.3212890625 0.7057291666666666
1 0.408203125 0.7096354166666666 0.40625 0.8736979166666666 0.4931640625 0.8776041666666666 0.49609375 0.70703125 0.4130859375 0.703125
2 0.498046875 0.70703125 0.49609375 0.8736979166666666 0.5830078125 0.8776041666666666 0.5859375 0.7096354166666666 0.5322265625 0.703125
3 0.5869140625 0.7057291666666666 0.5859375 0.8736979166666666 0.6728515625 0.8776041666666666 0.67578125 0.7096354166666666