40 0.4248046875 0.3802083333333333 0.421875 0.3893229166666667 0.4423828125 0.4505208333333333 0.4765625 0.4309895833333333 0.4560546875 0.3645833333333333
45 0.4619140625 0.359375 0.458984375 0.3658854166666667 0.4794921875 0.4296875 0.513671875 0.41015625 0.4951171875 0.34375
46 0.4990234375 0.3385416666666667 0.49609375 0.3450520833333333 0.5166015625 0.4088541666666667 0.552734375 0.3893229166666667 0.5322265625 0.3229166666666667
49 0.6552734375 0.3880208333333333 0.6767578125 0.4583333333333333 0.712890625 0.4388020833333333 0.6884765625 0.3697916666666667
50 0.6962890625 0.3645833333333333 0.6953125 0.3815104166666667 0.7158203125 0.4375 0.751953125 0.41796875 0.7275390625 0.3489583333333333
52 0.4287109375 0.6223958333333334 0.4443359375 0.7005208333333334 0.482421875 0.6809895833333334 0.4638671875 0.609375
41 0.4697265625 0.6067708333333334 0.4765625 0.6575520833333334 0.4853515625 0.6822916666666666 0.5234375 0.6653645833333334 0.5048828125 0.59375
42 0.5107421875 0.5885416666666666 0.5078125 0.59765625 0.5263671875 0.6666666666666666 0.564453125 0.6497395833333334 0.5458984375 0.5755208333333334
43 0.6259765625 0.7291666666666666 0.623046875 0.73828125 0.6572265625 0.8020833333333334 0.69140625 0.7721354166666666 0.69140625 0.7643229166666666 0.6552734375 0.703125
13 0.3427734375 0.46875 0.337890625 0.4830729166666667 0.3662109375 0.5364583333333334 0.3984375 0.5091145833333334 0.3681640625 0.4479166666666667
13 0.3095703125 0.5 0.302734375 0.5143229166666666 0.3330078125 0.5703125 0.361328125 0.5455729166666666 0.361328125 0.53515625 0.3349609375 0.4817708333333333
19 0.138671875 0.44921875 0.12109375 0.4908854166666667 0.1650390625 0.5286458333333334 0.1875 0.4856770833333333 0.1494140625 0.4479166666666667
20 0.166015625 0.4049479166666667 0.146484375 0.4388020833333333 0.146484375 0.4466145833333333 0.1904296875 0.484375 0.212890625 0.4440104166666667 0.1708984375 0.4010416666666667
21 0.17578125 0.38671875 0.171875 0.3997395833333333 0.2119140625 0.4401041666666667 0.21875 0.4361979166666667 0.23828125 0.40234375 0.1962890625 0.3567708333333333
22 0.6708984375 0.0859375 0.6806640625 0.15625 0.720703125 0.14713541666666666 0.7080078125 0.078125
23 0.7138671875 0.07552083333333333 0.7109375 0.08984375 0.720703125 0.14713541666666666 0.7587890625 0.140625 0.75 0.07421875 0.7392578125 0.0703125
24 0.7529296875 0.06770833333333333 0.75 0.07421875 0.76171875 0.13932291666666666 0.7978515625 0.1328125 0.80078125 0.12109375 0.7890625 0.061197916666666664
25 0.1044921875 0.19791666666666666 0.099609375 0.20703125 0.1357421875 0.2552083333333333 0.1640625 0.22005208333333334 0.1279296875 0.171875
14 0.1455078125 0.14583333333333334 0.12890625 0.17057291666666666 0.1572265625 0.2109375 0.1669921875 0.21614583333333334 0.19140625 0.18359375 0.1591796875 0.13541666666666666
15 0.1669921875 0.13020833333333334 0.162109375 0.13932291666666666 0.1962890625 0.1875 0.224609375 0.15494791666666666 0.1923828125 0.10677083333333333 0.1865234375 0.10677083333333333
16 0.2080078125 0.08072916666666667 0.19140625 0.10546875 0.2294921875 0.15104166666666666 0.255859375 0.11848958333333333 0.2197265625 0.0703125
25 0.005859375 0.87890625 0 0.90234375 0.0419921875 0.9427083333333334 0.06640625 0.8997395833333334 0.0654296875 0.8932291666666666 0.0205078125 0.8515625
14 0.02734375 0.83203125 0.021484375 0.8502604166666666 0.0654296875 0.8932291666666666 0.08984375 0.84765625 0.0458984375 0.8046875
15 0.046875 0.79296875 0.0478515625 0.8046875 0.0869140625 0.8411458333333334 0.09375 0.83984375 0.11328125 0.80078125 0.1103515625 0.7890625 0.0712890625 0.7552083333333334 0.0625 0.76171875
16 0.08984375 0.7096354166666666 0.0703125 0.75390625 0.1162109375 0.7916666666666666 0.138671875 0.7486979166666666 0.0966796875 0.7083333333333334
17 0.09765625 0.6940104166666666 0.09375 0.7044270833333334 0.0966796875 0.7083333333333334 0.1376953125 0.7447916666666666 0.146484375 0.73828125 0.1640625 0.7018229166666666 0.1201171875 0.6588541666666666 0.111328125 0.6653645833333334
33 0.4990234375 0.9661458333333334 0.49609375 0.9752604166666666 0.5048828125 1 0.55078125 0.99609375 0.5341796875 0.9479166666666666
39 0.7763671875 0.75 0.7734375 0.7591145833333334 0.7939453125 0.8333333333333334 0.833984375 0.81640625 0.8134765625 0.7369791666666666
28 0.8173828125 0.734375 0.8349609375 0.8151041666666666 0.875 0.80078125 0.8564453125 0.7213541666666666
29 0.8623046875 0.71875 0.859375 0.73046875 0.8779296875 0.8020833333333334 0.919921875 0.7877604166666666 0.8974609375 0.7083333333333334
30 0.5537109375 0.796875 0.552734375 0.80859375 0.5869140625 0.8723958333333334 0.62109375 0.8372395833333334 0.5869140625 0.7708333333333334
5 0.4736328125 0 0.47265625 0.014322916666666666 0.4833984375 0.059895833333333336 0.51953125 0.045572916666666664 0.5107421875 0
5 0.8505859375 0.2578125 0.84765625 0.2669270833333333 0.8623046875 0.3333333333333333 0.904296875 0.3216145833333333 0.8896484375 0.2526041666666667
6 0.8935546875 0.25 0.890625 0.25390625 0.9052734375 0.3255208333333333 0.9453125 0.3138020833333333 0.9306640625 0.2421875
7 0.9365234375 0.23958333333333334 0.93359375 0.24869791666666666 0.9482421875 0.3151041666666667 0.98828125 0.30078125 0.9716796875 0.23177083333333334
8 0.9755859375 0.23177083333333334 0.98828125 0.30078125 0.9970703125 0.3046875 1 0.22526041666666666
9 0.2705078125 0.19791666666666666 0.26953125 0.21484375 0.2822265625 0.2682291666666667 0.318359375 0.25390625 0.3037109375 0.1875
10 0.3095703125 0.18229166666666666 0.306640625 0.19401041666666666 0.3212890625 0.2526041666666667 0.357421875 0.23828125 0.3427734375 0.171875
11 0.3466796875 0.16666666666666666 0.34375 0.17317708333333334 0.3583984375 0.23697916666666666 0.39453125 0.22265625 0.3818359375 0.15625
12 0.3837890625 0.15625 0.3994140625 0.2265625 0.435546875 0.20963541666666666 0.4189453125 0.14322916666666666
1 0.4228515625 0.13802083333333334 0.419921875 0.14192708333333334 0.4365234375 0.20833333333333334 0.47265625 0.19401041666666666 0.4580078125 0.125
12 0.9150390625 0.0859375 0.912109375 0.15755208333333334 0.9521484375 0.16145833333333334 0.955078125 0.08984375
1 0.9580078125 0.08854166666666667 0.955078125 0.16015625 0.9951171875 0.1640625 0.99609375 0.09505208333333333
3 0.5927734375 0.7604166666666666 0.587890625 0.7721354166666666 0.6220703125 0.8359375 0.65625 0.8059895833333334 0.6220703125 0.7369791666666666
3 0.216796875 0.94140625 0.2001953125 0.9947916666666666 0.2158203125 1 0.265625 0.99609375 0.2734375 0.9752604166666666 0.2705078125 0.9713541666666666 0.2216796875 0.9375
4 0.23828125 0.8893229166666666 0.22265625 0.9361979166666666 0.2744140625 0.96875 0.29296875 0.9205729166666666 0.2470703125 0.8854166666666666
8 0.8193359375 0.4869791666666667 0.81640625 0.5013020833333334 0.8330078125 0.5651041666666666 0.873046875 0.55078125 0.8544921875 0.4765625
9 0.8583984375 0.4713541666666667 0.8740234375 0.546875 0.9140625 0.5325520833333334 0.8955078125 0.4583333333333333
10 0.8994140625 0.4557291666666667 0.9169921875 0.53125 0.955078125 0.51953125 0.9365234375 0.4453125
26 0.6181640625 0.4088541666666667 0.615234375 0.4205729166666667 0.6376953125 0.4817708333333333 0.673828125 0.4596354166666667 0.6513671875 0.390625
0 0.2744140625 0.5338541666666666 0.267578125 0.5481770833333334 0.2978515625 0.6041666666666666 0.328125 0.5768229166666666 0.328125 0.5690104166666666 0.2978515625 0.5130208333333334
18 0.5146484375 0 0.513671875 0.014322916666666666 0.5224609375 0.046875 0.55859375 0.032552083333333336 0.5517578125 0
24 0.7275390625 0.9739583333333334 0.7265625 0.98046875 0.7373046875 1 0.783203125 0.9986979166666666 0.7646484375 0.9505208333333334