7 0.55859375 0.5559895833333334 0.515625 0.6315104166666666 0.515625 0.6393229166666666 0.5908203125 0.7161458333333334 0.671875 0.5716145833333334 0.6005859375 0.4973958333333333 0.5947265625 0.4973958333333333 0.5859375 0.5091145833333334
12 0.2646484375 0.3697916666666667 0.26171875 0.3815104166666667 0.267578125 0.41796875 0.2890625 0.5403645833333334 0.2939453125 0.546875 0.384765625 0.5169270833333334 0.3544921875 0.34375
3 0.41015625 0.3372395833333333 0.373046875 0.4361979166666667 0.375 0.4466145833333333 0.4853515625 0.5182291666666666 0.4951171875 0.5182291666666666 0.533203125 0.4075520833333333 0.4150390625 0.3307291666666667
47 0.4150390625 0.5234375 0.4140625 0.7018229166666666 0.4189453125 0.7083333333333334 0.5068359375 0.7057291666666666 0.51171875 0.69921875 0.5078125 0.5221354166666666
48 0.7109375 0.5950520833333334 0.681640625 0.68359375 0.8056640625 0.765625 0.845703125 0.65234375 0.7255859375 0.5703125 0.71875 0.57421875
52 0.603515625 0.4752604166666667 0.59765625 0.4934895833333333 0.6728515625 0.5677083333333334 0.755859375 0.4283854166666667 0.6806640625 0.3515625
44 0.7890625 0.55078125 0.7734375 0.59765625 0.8603515625 0.6588541666666666 0.921875 0.5013020833333334 0.8369140625 0.4401041666666667 0.828125 0.4518229166666667
33 0.490234375 0.2825520833333333 0.48828125 0.29296875 0.4951171875 0.3020833333333333 0.5693359375 0.3515625 0.6328125 0.19401041666666666 0.5498046875 0.13802083333333334
38 0.31640625 0.56640625 0.31640625 0.74609375 0.3486328125 0.75 0.4130859375 0.7447916666666666 0.412109375 0.5638020833333334 0.4013671875 0.5598958333333334
23 0.1923828125 0.5390625 0.189453125 0.55078125 0.2216796875 0.7161458333333334 0.314453125 0.68359375 0.3046875 0.6080729166666666 0.2822265625 0.5104166666666666
1 0.0380859375 0.5182291666666666 0.037109375 0.69921875 0.1337890625 0.6953125 0.138671875 0.6888020833333334 0.134765625 0.5169270833333334 0.0927734375 0.5130208333333334