0 0.1181640625 0.4895833333333333 0.1171875 0.5169270833333334 0.1259765625 0.5807291666666666 0.177734375 0.5611979166666666 0.169921875 0.48828125 0.1650390625 0.4765625
5 0.4267578125 0.5520833333333334 0.419921875 0.56640625 0.4482421875 0.6145833333333334 0.505859375 0.5611979166666666 0.4775390625 0.5078125
6 0.2666015625 0.8307291666666666 0.255859375 0.8450520833333334 0.2978515625 0.9322916666666666 0.345703125 0.8841145833333334 0.3017578125 0.796875
7 0.357421875 0.76953125 0.333984375 0.81640625 0.3935546875 0.8802083333333334 0.427734375 0.81640625 0.3701171875 0.7552083333333334
8 0.5654296875 0.24739583333333334 0.556640625 0.2643229166666667 0.5869140625 0.3020833333333333 0.634765625 0.2513020833333333 0.6064453125 0.2109375 0.6005859375 0.2109375
9 0.4345703125 0.7916666666666666 0.431640625 0.80078125 0.4541015625 0.8984375 0.5078125 0.8736979166666666 0.4833984375 0.7708333333333334
10 0.576171875 0.8059895833333334 0.5703125 0.8971354166666666 0.6259765625 0.9088541666666666 0.634765625 0.80078125 0.5810546875 0.7864583333333334
11 0.669921875 0.7513020833333334 0.666015625 0.7643229166666666 0.6689453125 0.7734375 0.7353515625 0.8177083333333334 0.7421875 0.8111979166666666 0.7578125 0.7565104166666666 0.7548828125 0.7473958333333334 0.6904296875 0.7057291666666666 0.68359375 0.7096354166666666
12 0.7353515625 0.6510416666666666 0.73828125 0.6653645833333334 0.7861328125 0.7317708333333334 0.82421875 0.6888020833333334 0.7724609375 0.6119791666666666
1 0.818359375 0.46484375 0.8193359375 0.4791666666666667 0.8642578125 0.5026041666666666 0.88671875 0.42578125 0.8408203125 0.3984375
2 0.8330078125 0.3098958333333333 0.83203125 0.3216145833333333 0.8486328125 0.3671875 0.9140625 0.3450520833333333 0.8955078125 0.2916666666666667
3 0.736328125 0.29296875 0.734375 0.2981770833333333 0.7412109375 0.3072916666666667 0.7900390625 0.34375 0.798828125 0.3372395833333333 0.81640625 0.2981770833333333 0.7587890625 0.2526041666666667
4 0.7763671875 0.203125 0.76953125 0.22005208333333334 0.8173828125 0.2708333333333333 0.84765625 0.23307291666666666 0.8466796875 0.2265625 0.7998046875 0.1796875
27 0.20703125 0.7252604166666666 0.2021484375 0.7838541666666666 0.279296875 0.7903645833333334 0.287109375 0.73046875 0.2841796875 0.7161458333333334 0.2119140625 0.7109375
32 0.33203125 0.6888020833333334 0.3330078125 0.7109375 0.3837890625 0.7161458333333334 0.396484375 0.6184895833333334 0.3447265625 0.609375
33 0.486328125 0.4544270833333333 0.484375 0.4674479166666667 0.4892578125 0.4713541666666667 0.5498046875 0.4947916666666667 0.564453125 0.4361979166666667 0.5009765625 0.4088541666666667
34 0.5595703125 0.5130208333333334 0.556640625 0.5247395833333334 0.5986328125 0.59375 0.638671875 0.55859375 0.6328125 0.5403645833333334 0.5947265625 0.4817708333333333
35 0.53515625 0.3346354166666667 0.52734375 0.3528645833333333 0.5791015625 0.4010416666666667 0.587890625 0.39453125 0.609375 0.35546875 0.5556640625 0.3046875
36 0.4951171875 0.6822916666666666 0.498046875 0.78515625 0.5107421875 0.7890625 0.5537109375 0.7838541666666666 0.546875 0.6783854166666666
37 0.7314453125 0.4661458333333333 0.724609375 0.4752604166666667 0.7265625 0.48046875 0.7724609375 0.546875 0.810546875 0.51171875 0.806640625 0.4986979166666667 0.7646484375 0.4375
38 0.80859375 0.5481770833333334 0.791015625 0.6028645833333334 0.8525390625 0.6484375 0.8603515625 0.6484375 0.87890625 0.58984375 0.8154296875 0.5442708333333334
39 0.7451171875 0.3671875 0.74609375 0.38671875 0.7607421875 0.4270833333333333 0.826171875 0.40234375 0.8076171875 0.3463541666666667
28 0.498046875 0.21484375 0.470703125 0.2747395833333333 0.5126953125 0.3020833333333333 0.54296875 0.23567708333333334 0.5048828125 0.20833333333333334
29 0.685546875 0.21223958333333334 0.677734375 0.23567708333333334 0.7177734375 0.2630208333333333 0.748046875 0.19921875 0.7080078125 0.171875
30 0.4013671875 0.18229166666666666 0.4111328125 0.23697916666666666 0.47265625 0.21744791666666666 0.4619140625 0.16666666666666666
31 0.6708984375 0.07552083333333333 0.669921875 0.14713541666666666 0.7119140625 0.15364583333333334 0.716796875 0.14713541666666666 0.71484375 0.08203125
13 0.1416015625 0.6614583333333334 0.134765625 0.67578125 0.1572265625 0.7265625 0.1669921875 0.7239583333333334 0.224609375 0.6705729166666666 0.2001953125 0.6145833333333334 0.1943359375 0.6145833333333334
18 0.2109375 0.3138020833333333 0.2041015625 0.3697916666666667 0.2451171875 0.3776041666666667 0.2734375 0.3736979166666667 0.279296875 0.33984375 0.2763671875 0.3177083333333333 0.2177734375 0.3098958333333333
19 0.318359375 0.52734375 0.3193359375 0.5442708333333334 0.3818359375 0.5755208333333334 0.40234375 0.5169270833333334 0.3369140625 0.4817708333333333
20 0.177734375 0.4440104166666667 0.171875 0.4596354166666667 0.2099609375 0.4921875 0.25390625 0.41796875 0.2158203125 0.3854166666666667
21 0.263671875 0.4518229166666667 0.25390625 0.48046875 0.2998046875 0.5052083333333334 0.330078125 0.42578125 0.2880859375 0.4010416666666667
22 0.611328125 0.16276041666666666 0.6015625 0.18880208333333334 0.6025390625 0.19791666666666666 0.6552734375 0.2265625 0.662109375 0.22526041666666666 0.677734375 0.18359375 0.6748046875 0.17447916666666666 0.6201171875 0.14583333333333334
23 0.599609375 0.4440104166666667 0.59765625 0.4518229166666667 0.6025390625 0.4583333333333333 0.6572265625 0.5 0.68359375 0.44921875 0.6259765625 0.4010416666666667 0.62109375 0.40234375
24 0.3046875 0.33984375 0.30078125 0.3502604166666667 0.3388671875 0.3854166666666667 0.380859375 0.3216145833333333 0.3427734375 0.2864583333333333
25 0.271484375 0.23046875 0.248046875 0.2747395833333333 0.3056640625 0.3151041666666667 0.330078125 0.2669270833333333 0.2783203125 0.22916666666666666
14 0.451171875 0.32421875 0.44921875 0.4049479166666667 0.4970703125 0.4088541666666667 0.498046875 0.32421875
15 0.4052734375 0.0859375 0.400390625 0.09765625 0.4248046875 0.1328125 0.474609375 0.09244791666666667 0.47265625 0.08203125 0.4501953125 0.052083333333333336
16 0.439453125 0.14453125 0.4375 0.15494791666666666 0.4443359375 0.16145833333333334 0.4970703125 0.1796875 0.51171875 0.12890625 0.4521484375 0.109375
17 0.517578125 0.09244791666666667 0.5166015625 0.10677083333333333 0.5732421875 0.1328125 0.58984375 0.08463541666666667 0.5322265625 0.059895833333333336
40 0.26171875 0.5768229166666666 0.259765625 0.6731770833333334 0.3134765625 0.6692708333333334 0.314453125 0.57421875 0.3095703125 0.5703125
45 0.1923828125 0.53125 0.1875 0.5377604166666666 0.2080078125 0.5911458333333334 0.275390625 0.5455729166666666 0.2529296875 0.4895833333333333
46 0.390625 0.6653645833333334 0.3896484375 0.734375 0.46484375 0.7356770833333334 0.4658203125 0.6640625
47 0.4052734375 0.4817708333333333 0.400390625 0.48828125 0.4267578125 0.5390625 0.486328125 0.4908854166666667 0.4599609375 0.4401041666666667
48 0.3564453125 0.3932291666666667 0.353515625 0.3997395833333333 0.3701171875 0.4505208333333333 0.3798828125 0.4505208333333333 0.435546875 0.4205729166666667 0.4189453125 0.3645833333333333
49 0.5791015625 0.6432291666666666 0.578125 0.7408854166666666 0.5830078125 0.7473958333333334 0.6318359375 0.7473958333333334 0.634765625 0.7200520833333334 0.630859375 0.6471354166666666
50 0.6953125 0.5065104166666666 0.6796875 0.5403645833333334 0.7431640625 0.59375 0.765625 0.55078125 0.767578125 0.5377604166666666 0.7099609375 0.4869791666666667
51 0.650390625 0.3606770833333333 0.6513671875 0.3723958333333333 0.7021484375 0.4192708333333333 0.732421875 0.3763020833333333 0.7294921875 0.3671875 0.6806640625 0.3229166666666667 0.6748046875 0.3229166666666667
52 0.6240234375 0.2916666666666667 0.619140625 0.30078125 0.6474609375 0.34375 0.701171875 0.2981770833333333 0.6728515625 0.2526041666666667
41 0.3896484375 0.2578125 0.38671875 0.29296875 0.3916015625 0.3177083333333333 0.455078125 0.3111979166666667 0.455078125 0.26171875 0.4501953125 0.2526041666666667
42 0.3017578125 0.1796875 0.298828125 0.18619791666666666 0.3134765625 0.23177083333333334 0.375 0.20442708333333334 0.3583984375 0.15364583333333334
43 0.53125 0.14713541666666666 0.5244140625 0.19791666666666666 0.5810546875 0.21354166666666666 0.587890625 0.20963541666666666 0.5947265625 0.15885416666666666 0.5380859375 0.14322916666666666
44 0.59375 0.10807291666666667 0.591796875 0.12630208333333334 0.5966796875 0.1328125 0.6357421875 0.13802083333333334 0.64453125 0.07161458333333333 0.6376953125 0.06510416666666667 0.6025390625 0.059895833333333336
26 0.4794921875 0.5989583333333334 0.4765625 0.6106770833333334 0.4970703125 0.6640625 0.564453125 0.62109375 0.5400390625 0.5625
26 0.64453125 0.6106770833333334 0.63671875 0.6263020833333334 0.6787109375 0.671875 0.724609375 0.6002604166666666 0.6826171875 0.5546875