5 0.4638671875 0 0.466796875 0.12630208333333334 0.5341796875 0.12239583333333333 0.53125 0.00390625
6 0.533203125 0.0013020833333333333 0.537109375 0.12630208333333334 0.6044921875 0.12239583333333333 0.60546875 0.08463541666666667 0.59765625 0.0013020833333333333
7 0.6025390625 0 0.607421875 0.12369791666666667 0.6728515625 0.11979166666666667 0.67578125 0.08984375 0.66796875 0.00390625
8 0.6728515625 0 0.669921875 0.009114583333333334 0.677734375 0.12109375 0.7451171875 0.1171875 0.748046875 0.10026041666666667 0.740234375 0.0013020833333333333
8 0.3525390625 0.3671875 0.349609375 0.39453125 0.359375 0.4986979166666667 0.3642578125 0.5026041666666666 0.4287109375 0.4895833333333333 0.41796875 0.3606770833333333
9 0.4228515625 0.3515625 0.419921875 0.37109375 0.4296875 0.48046875 0.4384765625 0.484375 0.4970703125 0.4739583333333333 0.5 0.4622395833333333 0.48828125 0.3450520833333333
10 0.4912109375 0.3411458333333333 0.5 0.4674479166666667 0.5146484375 0.4713541666666667 0.5693359375 0.4609375 0.572265625 0.4518229166666667 0.55859375 0.33203125
27 0.7021484375 0.2630208333333333 0.7314453125 0.3880208333333333 0.798828125 0.36328125 0.7685546875 0.23958333333333334
32 0.7744140625 0.23958333333333334 0.771484375 0.24348958333333334 0.8037109375 0.3671875 0.869140625 0.33984375 0.8349609375 0.21614583333333334
33 0.8427734375 0.2109375 0.83984375 0.22265625 0.8720703125 0.3359375 0.9375 0.30859375 0.9033203125 0.1875
39 0.2119140625 0.7916666666666666 0.220703125 0.9309895833333334 0.2900390625 0.921875 0.29296875 0.9127604166666666 0.28125 0.7825520833333334
28 0.2861328125 0.7760416666666666 0.283203125 0.7981770833333334 0.29296875 0.9153645833333334 0.3056640625 0.9192708333333334 0.3662109375 0.90625 0.35546875 0.7669270833333334 0.3525390625 0.7630208333333334
29 0.3583984375 0.7682291666666666 0.3671875 0.9049479166666666 0.3779296875 0.9114583333333334 0.4384765625 0.9010416666666666 0.443359375 0.8919270833333334 0.4296875 0.7591145833333334 0.4208984375 0.7552083333333334
26 0.0458984375 0.17708333333333334 0.04296875 0.18880208333333334 0.0634765625 0.2994791666666667 0.0732421875 0.3020833333333333 0.130859375 0.27734375 0.1083984375 0.15625
49 0.1142578125 0.15364583333333334 0.111328125 0.16536458333333334 0.1318359375 0.2760416666666667 0.197265625 0.25390625 0.1748046875 0.1328125
50 0.1806640625 0.13020833333333334 0.1796875 0.14713541666666666 0.2001953125 0.2526041666666667 0.2080078125 0.2552083333333333 0.267578125 0.23046875 0.2431640625 0.109375
43 0.0009765625 0.6901041666666666 0 0.82421875 0.0107421875 0.8385416666666666 0.076171875 0.7903645833333334 0.0390625 0.6783854166666666 0.0283203125 0.671875
47 0.755859375 0.58984375 0.75390625 0.72265625 0.7587890625 0.7291666666666666 0.8291015625 0.7317708333333334 0.830078125 0.5950520833333334 0.8037109375 0.5885416666666666
48 0.83203125 0.59765625 0.830078125 0.73046875 0.8466796875 0.7369791666666666 0.9033203125 0.7395833333333334 0.904296875 0.6028645833333334 0.8955078125 0.5963541666666666