0 0.0537109375 0.7083333333333334 0.05078125 0.72265625 0.0830078125 0.8515625 0.16015625 0.8033854166666666 0.1279296875 0.6692708333333334
5 0.1337890625 0.6640625 0.130859375 0.6731770833333334 0.1630859375 0.8020833333333334 0.240234375 0.7591145833333334 0.2041015625 0.6276041666666666
6 0.2099609375 0.6197916666666666 0.20703125 0.6341145833333334 0.2412109375 0.7552083333333334 0.314453125 0.7122395833333334 0.2783203125 0.5859375
7 0.2841796875 0.5807291666666666 0.279296875 0.5872395833333334 0.3173828125 0.7135416666666666 0.388671875 0.6705729166666666 0.3486328125 0.546875
8 0.3525390625 0.5442708333333334 0.3515625 0.5533854166666666 0.3916015625 0.671875 0.458984375 0.6315104166666666 0.455078125 0.6106770833333334 0.4169921875 0.5104166666666666
20 0.1513671875 0.3567708333333333 0.150390625 0.3684895833333333 0.1806640625 0.4739583333333333 0.248046875 0.4388020833333333 0.2158203125 0.328125
21 0.2216796875 0.3255208333333333 0.216796875 0.33203125 0.2509765625 0.4401041666666667 0.31640625 0.4075520833333333 0.2822265625 0.2994791666666667
22 0.2861328125 0.2942708333333333 0.283203125 0.30078125 0.3173828125 0.4036458333333333 0.3828125 0.3736979166666667 0.3466796875 0.2682291666666667
46 0.7724609375 0.3385416666666667 0.767578125 0.34765625 0.8134765625 0.4505208333333333 0.873046875 0.41796875 0.8251953125 0.3151041666666667
47 0.8291015625 0.3125 0.828125 0.3190104166666667 0.8740234375 0.4166666666666667 0.9296875 0.3893229166666667 0.8818359375 0.2890625
48 0.8837890625 0.2864583333333333 0.9306640625 0.3880208333333333 0.986328125 0.3606770833333333 0.9365234375 0.2630208333333333
49 0.4521484375 0.2604166666666667 0.453125 0.27734375 0.4892578125 0.3671875 0.548828125 0.3346354166666667 0.5087890625 0.234375
50 0.5126953125 0.23177083333333334 0.5498046875 0.3333333333333333 0.607421875 0.3059895833333333 0.5673828125 0.20572916666666666
51 0.5732421875 0.20052083333333334 0.568359375 0.20703125 0.6083984375 0.3020833333333333 0.666015625 0.2721354166666667 0.6240234375 0.17708333333333334
37 0.5126953125 0.5729166666666666 0.509765625 0.58203125 0.513671875 0.5950520833333334 0.5556640625 0.7057291666666666 0.62109375 0.6653645833333334 0.5751953125 0.5416666666666666
38 0.5810546875 0.5390625 0.578125 0.5455729166666666 0.6240234375 0.6640625 0.689453125 0.6263020833333334 0.6396484375 0.5078125
39 0.6455078125 0.5026041666666666 0.642578125 0.51171875 0.6904296875 0.625 0.751953125 0.58984375 0.7041015625 0.4739583333333333