13 0.0849609375 0.3307291666666667 0.08984375 0.4934895833333333 0.1767578125 0.4947916666666667 0.173828125 0.33203125
23 0.2138671875 0.328125 0.2109375 0.3919270833333333 0.21484375 0.4934895833333333 0.3017578125 0.4947916666666667 0.302734375 0.33203125 0.2958984375 0.3255208333333333
25 0.3232421875 0.328125 0.3203125 0.3502604166666667 0.32421875 0.4934895833333333 0.4111328125 0.4947916666666667 0.412109375 0.33203125 0.4072265625 0.3255208333333333
15 0.4853515625 0.3255208333333333 0.482421875 0.4934895833333333 0.5712890625 0.4947916666666667 0.572265625 0.3268229166666667
1 0.701171875 0.33203125 0.69921875 0.4908854166666667 0.7041015625 0.4973958333333333 0.7919921875 0.4947916666666667 0.796875 0.46484375 0.796875 0.3268229166666667 0.7080078125 0.3229166666666667
2 0.798828125 0.3971354166666667 0.796875 0.4856770833333333 0.8017578125 0.4973958333333333 0.892578125 0.4934895833333333 0.8984375 0.37109375 0.8955078125 0.3229166666666667 0.8037109375 0.3255208333333333
36 0.1220703125 0.5 0.125 0.6653645833333334 0.2119140625 0.6692708333333334 0.216796875 0.66015625 0.212890625 0.5013020833333334
38 0.2919921875 0.5 0.2890625 0.5377604166666666 0.29296875 0.66796875 0.3798828125 0.6692708333333334 0.380859375 0.5013020833333334
48 0.400390625 0.5013020833333334 0.400390625 0.6653645833333334 0.4873046875 0.6692708333333334 0.490234375 0.50390625 0.4658203125 0.4973958333333333
48 0.4931640625 0.4973958333333333 0.490234375 0.6653645833333334 0.5791015625 0.6692708333333334 0.58203125 0.50390625 0.5751953125 0.4973958333333333
49 0.595703125 0.5013020833333334 0.595703125 0.66796875 0.6845703125 0.671875 0.689453125 0.6627604166666666 0.689453125 0.5013020833333334
50 0.693359375 0.5013020833333334 0.693359375 0.66796875 0.7841796875 0.671875 0.7890625 0.5013020833333334
43 0.791015625 0.5013020833333334 0.7890625 0.6705729166666666 0.8798828125 0.671875 0.88671875 0.5013020833333334