18 0.578125 0.57421875 0.5703125 0.6028645833333334 0.6279296875 0.6458333333333334 0.634765625 0.64453125 0.65625 0.5924479166666666 0.6552734375 0.5859375 0.5966796875 0.5442708333333334 0.58984375 0.5481770833333334
19 0.236328125 0.7955729166666666 0.2373046875 0.8125 0.2978515625 0.8463541666666666 0.31640625 0.7825520833333334 0.2529296875 0.7473958333333334
20 0.25 0.73046875 0.2509765625 0.7447916666666666 0.3115234375 0.7786458333333334 0.330078125 0.71484375 0.2666015625 0.6822916666666666
21 0.279296875 0.6393229166666666 0.26953125 0.6783854166666666 0.3330078125 0.7135416666666666 0.3515625 0.65234375 0.2919921875 0.6197916666666666 0.28515625 0.6236979166666666
22 0.291015625 0.6028645833333334 0.2919921875 0.6197916666666666 0.3525390625 0.6484375 0.37109375 0.58984375 0.3076171875 0.5546875
23 0.306640625 0.5377604166666666 0.3076171875 0.5546875 0.3681640625 0.5833333333333334 0.384765625 0.5221354166666666 0.3212890625 0.4921875
25 0.515625 0.3606770833333333 0.501953125 0.4075520833333333 0.5634765625 0.4453125 0.583984375 0.38671875 0.5224609375 0.3489583333333333
14 0.529296875 0.3216145833333333 0.5244140625 0.3489583333333333 0.5810546875 0.3828125 0.5859375 0.3815104166666667 0.603515625 0.33203125 0.6005859375 0.3229166666666667 0.5458984375 0.2916666666666667 0.5390625 0.2955729166666667
15 0.544921875 0.2747395833333333 0.5439453125 0.2890625 0.6044921875 0.3229166666666667 0.625 0.2643229166666667 0.5615234375 0.23177083333333334
16 0.568359375 0.21223958333333334 0.5673828125 0.22916666666666666 0.6259765625 0.2630208333333333 0.6484375 0.20442708333333334 0.5849609375 0.171875
17 0.599609375 0.12630208333333334 0.5859375 0.16536458333333334 0.6494140625 0.203125 0.669921875 0.14713541666666666 0.6103515625 0.11197916666666667
40 0.9072265625 0.59375 0.896484375 0.6106770833333334 0.9462890625 0.6875 0.986328125 0.6471354166666666 0.978515625 0.6263020833333334 0.9384765625 0.5677083333333334 0.9345703125 0.5651041666666666
45 0.552734375 0.6315104166666666 0.54296875 0.66015625 0.6083984375 0.7083333333333334 0.630859375 0.6471354166666666 0.5732421875 0.6041666666666666 0.5673828125 0.6041666666666666
48 0.041015625 0.5611979166666666 0.025390625 0.6106770833333334 0.0849609375 0.6458333333333334 0.10546875 0.58984375 0.0498046875 0.5520833333333334
49 0.0625 0.4986979166666667 0.046875 0.5481770833333334 0.1044921875 0.5859375 0.125 0.52734375 0.0751953125 0.4947916666666667 0.0673828125 0.4921875
50 0.076171875 0.4674479166666667 0.0703125 0.4856770833333333 0.0732421875 0.4947916666666667 0.1259765625 0.5286458333333334 0.1484375 0.4752604166666667 0.1455078125 0.4661458333333333 0.0947265625 0.4348958333333333 0.087890625 0.4361979166666667
51 0.244140625 0.18880208333333334 0.240234375 0.20442708333333334 0.2451171875 0.2109375 0.2978515625 0.2421875 0.3203125 0.18619791666666666 0.2607421875 0.15104166666666666
52 0.267578125 0.13151041666666666 0.2646484375 0.15104166666666666 0.3173828125 0.18229166666666666 0.32421875 0.17838541666666666 0.341796875 0.13411458333333334 0.3388671875 0.125 0.2880859375 0.09375 0.279296875 0.10286458333333333
41 0.287109375 0.08203125 0.2861328125 0.09375 0.3427734375 0.12760416666666666 0.365234375 0.07421875 0.3056640625 0.0390625
27 0.8134765625 0.6848958333333334 0.80859375 0.6940104166666666 0.8564453125 0.7708333333333334 0.8642578125 0.7682291666666666 0.900390625 0.7278645833333334 0.8505859375 0.6510416666666666
32 0.615234375 0.4908854166666667 0.595703125 0.5403645833333334 0.6611328125 0.5859375 0.68359375 0.5299479166666666 0.6201171875 0.484375
0 0.8583984375 0.640625 0.853515625 0.65234375 0.9013671875 0.7265625 0.943359375 0.68359375 0.8955078125 0.609375 0.8876953125 0.609375
2 0.759765625 0.4674479166666667 0.74609375 0.52734375 0.8173828125 0.5598958333333334 0.833984375 0.4934895833333333 0.7685546875 0.4635416666666667
3 0.77734375 0.40234375 0.763671875 0.4596354166666667 0.8349609375 0.4921875 0.8515625 0.4283854166666667 0.7861328125 0.3984375
4 0.794921875 0.3372395833333333 0.78125 0.39453125 0.8505859375 0.4270833333333333 0.85546875 0.4205729166666667 0.8671875 0.36328125 0.8037109375 0.3359375