0 0.7421875 0.7408854166666666 0.73828125 0.7643229166666666 0.7412109375 0.7734375 0.7880859375 0.7890625 0.806640625 0.6940104166666666 0.7568359375 0.6770833333333334
7 0.4208984375 0.6380208333333334 0.41796875 0.65234375 0.4443359375 0.734375 0.490234375 0.7096354166666666 0.470703125 0.6341145833333334 0.4619140625 0.6171875
5 0.580078125 0.2877604166666667 0.5810546875 0.3020833333333333 0.6123046875 0.3359375 0.6181640625 0.3359375 0.65625 0.27734375 0.662109375 0.2591145833333333 0.6279296875 0.22135416666666666 0.6220703125 0.22135416666666666
4 0.63671875 0.4283854166666667 0.625 0.4752604166666667 0.6943359375 0.5104166666666666 0.712890625 0.4466145833333333 0.6474609375 0.4140625 0.6416015625 0.4140625
18 0.2236328125 0.34375 0.22265625 0.3528645833333333 0.2392578125 0.4088541666666667 0.30859375 0.37890625 0.294921875 0.3190104166666667 0.2900390625 0.3151041666666667
20 0.330078125 0.7565104166666666 0.31640625 0.80078125 0.3818359375 0.84375 0.404296875 0.7825520833333334 0.3427734375 0.7369791666666666
22 0.580078125 0.66015625 0.5625 0.7174479166666666 0.6298828125 0.7604166666666666 0.650390625 0.69921875 0.5849609375 0.6536458333333334
23 0.19921875 0.5299479166666666 0.181640625 0.5846354166666666 0.2255859375 0.6145833333333334 0.259765625 0.52734375 0.2138671875 0.4973958333333333
14 0.3837890625 0.3697916666666667 0.3857421875 0.4401041666666667 0.45703125 0.4361979166666667 0.4541015625 0.3697916666666667
15 0.6650390625 0.609375 0.662109375 0.6184895833333334 0.6845703125 0.6744791666666666 0.751953125 0.6315104166666666 0.7294921875 0.5703125
16 0.701171875 0.49609375 0.6953125 0.5169270833333334 0.7392578125 0.5494791666666666 0.77734375 0.4674479166666667 0.7333984375 0.4322916666666667
17 0.30859375 0.6002604166666666 0.30078125 0.62109375 0.3037109375 0.625 0.3642578125 0.6692708333333334 0.390625 0.61328125 0.3876953125 0.6041666666666666 0.3291015625 0.5625 0.3203125 0.5716145833333334
34 0.2724609375 0.4609375 0.26953125 0.47265625 0.2822265625 0.5286458333333334 0.3515625 0.5065104166666666 0.34375 0.44921875 0.3388671875 0.4401041666666667
31 0.486328125 0.4049479166666667 0.474609375 0.48828125 0.5244140625 0.5026041666666666 0.5390625 0.41015625 0.4990234375 0.3958333333333333 0.4892578125 0.3958333333333333
44 0.4521484375 0.5182291666666666 0.44921875 0.6158854166666666 0.4990234375 0.6171875 0.501953125 0.5221354166666666