27 0.65234375 0.5950520833333334 0.654296875 0.47265625 0.6494140625 0.4661458333333333 0.5849609375 0.46875 0.583984375 0.5924479166666666 0.5869140625 0.5963541666666666
32 0.318359375 0.32421875 0.328125 0.3216145833333333 0.326171875 0.19661458333333334 0.3232421875 0.19270833333333334 0.2587890625 0.19270833333333334 0.255859375 0.19921875 0.2578125 0.3216145833333333 0.2607421875 0.3255208333333333
33 0.396484375 0.3216145833333333 0.396484375 0.19661458333333334 0.3935546875 0.19270833333333334 0.3291015625 0.19270833333333334 0.328125 0.3216145833333333
34 0.462890625 0.32421875 0.466796875 0.3216145833333333 0.46484375 0.19401041666666666 0.3994140625 0.19270833333333334 0.3984375 0.3216145833333333 0.4091796875 0.3255208333333333
35 0.53515625 0.3216145833333333 0.53515625 0.19401041666666666 0.5322265625 0.19010416666666666 0.4677734375 0.19270833333333334 0.466796875 0.3216145833333333
40 0.57421875 0.59765625 0.583984375 0.5950520833333334 0.583984375 0.4700520833333333 0.5185546875 0.46875 0.515625 0.47265625 0.515625 0.5950520833333334
45 0.673828125 0.3919270833333333 0.677734375 0.2669270833333333 0.6728515625 0.2630208333333333 0.6123046875 0.2604166666666667 0.607421875 0.26953125 0.603515625 0.38671875 0.6220703125 0.3932291666666667
46 0.7421875 0.39453125 0.74609375 0.2721354166666667 0.7255859375 0.265625 0.6806640625 0.265625 0.677734375 0.26953125 0.673828125 0.3893229166666667 0.6923828125 0.3958333333333333
47 0.80859375 0.3971354166666667 0.8125 0.2721354166666667 0.8095703125 0.2682291666666667 0.7490234375 0.265625 0.74609375 0.26953125 0.744140625 0.31640625 0.744140625 0.39453125
48 0.876953125 0.3997395833333333 0.880859375 0.27734375 0.8779296875 0.2734375 0.8154296875 0.2708333333333333 0.8125 0.27734375 0.810546875 0.3971354166666667
13 0.515625 0.5950520833333334 0.515625 0.4700520833333333 0.4501953125 0.46875 0.447265625 0.5924479166666666 0.4501953125 0.5963541666666666
15 0.904296875 0.6809895833333334 0.90625 0.55859375 0.9033203125 0.5546875 0.8408203125 0.5546875 0.83984375 0.6809895833333334
16 0.96875 0.6861979166666666 0.97265625 0.68359375 0.97265625 0.5611979166666666 0.9697265625 0.5572916666666666 0.9072265625 0.5572916666666666 0.90625 0.68359375
26 0.837890625 0.6809895833333334 0.83984375 0.55859375 0.8369140625 0.5546875 0.7724609375 0.5520833333333334 0.76953125 0.5559895833333334 0.76953125 0.6783854166666666 0.7724609375 0.6822916666666666
5 0.0859375 0.6080729166666666 0.1455078125 0.6067708333333334 0.1484375 0.6028645833333334 0.1484375 0.48046875 0.1435546875 0.4739583333333333 0.0791015625 0.4765625 0.076171875 0.48046875 0.078125 0.5924479166666666 0.080078125 0.60546875
6 0.16015625 0.60546875 0.2158203125 0.6041666666666666 0.21875 0.6002604166666666 0.2177734375 0.4739583333333333 0.1513671875 0.4739583333333333 0.1484375 0.4778645833333333 0.150390625 0.6028645833333334
7 0.236328125 0.6028645833333334 0.2880859375 0.6015625 0.291015625 0.59765625 0.2900390625 0.4713541666666667 0.2216796875 0.4713541666666667 0.21875 0.4752604166666667 0.21875 0.59765625 0.2236328125 0.6041666666666666
1 0.373046875 0.8450520833333334 0.375 0.71484375 0.3056640625 0.7161458333333334 0.3046875 0.8450520833333334
2 0.412109375 0.8450520833333334 0.4423828125 0.84375 0.4453125 0.83984375 0.4453125 0.71484375 0.4404296875 0.7109375 0.3759765625 0.7135416666666666 0.375 0.8424479166666666 0.3779296875 0.8463541666666666
3 0.4765625 0.8450520833333334 0.513671875 0.8424479166666666 0.513671875 0.71484375 0.5107421875 0.7109375 0.4482421875 0.7109375 0.4453125 0.71484375 0.443359375 0.83984375 0.4462890625 0.8463541666666666