36 0.2626953125 0.4036458333333333 0.2763671875 0.484375 0.365234375 0.4518229166666667 0.3486328125 0.375
28 0.5068359375 0.203125 0.494140625 0.22526041666666666 0.5498046875 0.3046875 0.595703125 0.25390625 0.5419921875 0.171875 0.5322265625 0.17447916666666666
30 0.71484375 0.4544270833333333 0.708984375 0.4778645833333333 0.7119140625 0.4869791666666667 0.7919921875 0.5260416666666666 0.814453125 0.4518229166666667 0.7314453125 0.40625
13 0.4130859375 0.53125 0.408203125 0.5403645833333334 0.419921875 0.6497395833333334 0.4287109375 0.6536458333333334 0.4833984375 0.640625 0.470703125 0.5221354166666666
18 0.5703125 0.4934895833333333 0.56640625 0.5065104166666666 0.6162109375 0.5546875 0.669921875 0.4622395833333333 0.6201171875 0.4140625
19 0.458984375 0.3658854166666667 0.443359375 0.43359375 0.5263671875 0.46875 0.544921875 0.39453125 0.4658203125 0.3567708333333333
21 0.5 0.6184895833333334 0.501953125 0.73828125 0.5634765625 0.7395833333333334 0.56640625 0.67578125 0.5625 0.6158854166666666
40 0.271484375 0.57421875 0.26953125 0.6627604166666666 0.3349609375 0.6640625 0.337890625 0.54296875 0.2763671875 0.5416666666666666
46 0.34765625 0.23307291666666666 0.337890625 0.2955729166666667 0.3974609375 0.3151041666666667 0.41796875 0.20442708333333334 0.3583984375 0.1875
48 0.3486328125 0.8125 0.341796875 0.82421875 0.3759765625 0.8958333333333334 0.455078125 0.8268229166666666 0.4208984375 0.7526041666666666
52 0.6337890625 0.59375 0.625 0.6080729166666666 0.6630859375 0.671875 0.6748046875 0.6666666666666666 0.734375 0.6002604166666666 0.6943359375 0.5338541666666666