13 0.5247395833333334 0.58984375 0.5247395833333334 0.634765625 0.6067708333333334 0.6318359375 0.6028645833333334 0.587890625
13 0.15755208333333334 0.54296875 0.15364583333333334 0.5517578125 0.18359375 0.60546875 0.2421875 0.5869140625 0.20963541666666666 0.529296875
18 0.34375 0.5966796875 0.3450520833333333 0.609375 0.41796875 0.630859375 0.4401041666666667 0.5888671875 0.3658854166666667 0.564453125
20 0.3138020833333333 0.740234375 0.3098958333333333 0.7490234375 0.3268229166666667 0.78515625 0.4088541666666667 0.7646484375 0.3893229166666667 0.720703125
20 0.7278645833333334 0.615234375 0.7265625 0.6220703125 0.7643229166666666 0.669921875 0.8125 0.6494140625 0.7721354166666666 0.595703125
21 0.66015625 0.66796875 0.6536458333333334 0.6767578125 0.6888020833333334 0.7265625 0.7369791666666666 0.7099609375 0.7395833333333334 0.7060546875 0.7265625 0.6845703125 0.7018229166666666 0.65234375
19 0.3515625 0.4970703125 0.3528645833333333 0.5078125 0.42578125 0.529296875 0.4479166666666667 0.4892578125 0.3736979166666667 0.46484375
21 0.08463541666666667 0.478515625 0.09505208333333333 0.5234375 0.18489583333333334 0.5087890625 0.17447916666666666 0.4697265625 0.16796875 0.46484375
23 0.64453125 0.392578125 0.6510416666666666 0.4541015625 0.70703125 0.451171875 0.7005208333333334 0.3896484375
24 0.5572916666666666 0.7177734375 0.5520833333333334 0.7294921875 0.6106770833333334 0.763671875 0.6197916666666666 0.7626953125 0.6510416666666666 0.7294921875 0.5872395833333334 0.69140625
25 0.38671875 0.640625 0.3828125 0.6611328125 0.3893229166666667 0.6875 0.4739583333333333 0.6767578125 0.46484375 0.6328125
25 0.80859375 0.310546875 0.8046875 0.3173828125 0.8346354166666666 0.349609375 0.8984375 0.3173828125 0.8684895833333334 0.28125
14 0.2994791666666667 0.4423828125 0.296875 0.4462890625 0.3059895833333333 0.453125 0.34765625 0.47265625 0.3932291666666667 0.4208984375 0.3450520833333333 0.396484375
15 0.7565104166666666 0.767578125 0.7005208333333334 0.8095703125 0.7356770833333334 0.841796875 0.7486979166666666 0.837890625 0.796875 0.8017578125 0.7838541666666666 0.7861328125
16 0.52734375 0.318359375 0.5611979166666666 0.375 0.6145833333333334 0.3564453125 0.5768229166666666 0.30078125
17 0.20963541666666666 0.2265625 0.20052083333333334 0.2353515625 0.2513020833333333 0.287109375 0.2994791666666667 0.2626953125 0.2513020833333333 0.208984375
27 0.3567708333333333 0.3232421875 0.3463541666666667 0.3447265625 0.3528645833333333 0.3515625 0.4127604166666667 0.369140625 0.4296875 0.3681640625 0.4453125 0.3369140625 0.4440104166666667 0.328125 0.3736979166666667 0.306640625 0.3645833333333333 0.3095703125
35 0.6002604166666666 0.224609375 0.5989583333333334 0.2314453125 0.6263020833333334 0.28515625 0.6796875 0.2705078125 0.65234375 0.212890625
37 0.4244791666666667 0.2060546875 0.421875 0.2646484375 0.4778645833333333 0.26953125 0.484375 0.2060546875 0.43359375 0.201171875
29 0.23958333333333334 0.5380859375 0.23177083333333334 0.5537109375 0.23567708333333334 0.556640625 0.2903645833333333 0.5703125 0.3203125 0.5107421875 0.2643229166666667 0.49609375
29 0.4895833333333333 0.6787109375 0.4583333333333333 0.7177734375 0.5065104166666666 0.7421875 0.5520833333333334 0.6884765625 0.5065104166666666 0.6640625
31 0.4830729166666667 0.505859375 0.4817708333333333 0.5673828125 0.5377604166666666 0.568359375 0.5390625 0.5068359375
8 0.8033854166666666 0.35546875 0.78125 0.3759765625 0.8346354166666666 0.41796875 0.8723958333333334 0.3876953125 0.82421875 0.345703125
8 0.16276041666666666 0.404296875 0.15885416666666666 0.4130859375 0.17578125 0.451171875 0.2604166666666667 0.4345703125 0.24739583333333334 0.3955078125 0.24088541666666666 0.390625
11 0.4322916666666667 0.7451171875 0.4270833333333333 0.7783203125 0.4309895833333333 0.791015625 0.5104166666666666 0.7939453125 0.5182291666666666 0.7568359375 0.5143229166666666 0.748046875 0.4388020833333333 0.7421875
12 0.16276041666666666 0.62109375 0.20703125 0.677734375 0.2604166666666667 0.6533203125 0.21484375 0.59765625
2 0.51171875 0.447265625 0.5078125 0.4619140625 0.51953125 0.4921875 0.5924479166666666 0.482421875 0.5989583333333334 0.4775390625 0.5846354166666666 0.4375
3 0.4700520833333333 0.12109375 0.4661458333333333 0.1279296875 0.4830729166666667 0.166015625 0.5559895833333334 0.15625 0.5625 0.1513671875 0.5455729166666666 0.109375
48 0.62890625 0.572265625 0.6393229166666666 0.615234375 0.71875 0.6044921875 0.70703125 0.5625
52 0.76953125 0.54296875 0.7682291666666666 0.5478515625 0.7955729166666666 0.58203125 0.8645833333333334 0.5517578125 0.8372395833333334 0.515625
41 0.4479166666666667 0.3955078125 0.4466145833333333 0.439453125 0.5286458333333334 0.4404296875 0.52734375 0.396484375
42 0.6549479166666666 0.3046875 0.6510416666666666 0.3212890625 0.6640625 0.3681640625 0.7174479166666666 0.361328125 0.7213541666666666 0.3544921875 0.7083333333333334 0.3017578125 0.7018229166666666 0.298828125
43 0.70703125 0.45703125 0.703125 0.4658203125 0.7200520833333334 0.5 0.7942708333333334 0.4833984375 0.77734375 0.44140625
43 0.10807291666666667 0.306640625 0.1015625 0.3134765625 0.13671875 0.349609375 0.2109375 0.3154296875 0.17578125 0.27734375