9 0.25390625 0.3815104166666667 0.3056640625 0.3802083333333333 0.328125 0.3736979166666667 0.32421875 0.22786458333333334 0.3212890625 0.21875 0.240234375 0.22526041666666666 0.2421875 0.36328125 0.244140625 0.37890625
10 0.572265625 0.4700520833333333 0.57421875 0.31640625 0.4951171875 0.3125 0.4921875 0.31640625 0.490234375 0.4674479166666667 0.4970703125 0.4713541666666667
11 0.654296875 0.47265625 0.658203125 0.46484375 0.658203125 0.3190104166666667 0.6513671875 0.3151041666666667 0.5771484375 0.3151041666666667 0.57421875 0.4700520833333333 0.5849609375 0.4739583333333333
12 0.736328125 0.47265625 0.7421875 0.4674479166666667 0.740234375 0.31640625 0.6611328125 0.3151041666666667 0.658203125 0.3190104166666667 0.658203125 0.4700520833333333
1 0.7265625 0.8059895833333334 0.73046875 0.65234375 0.7275390625 0.6484375 0.6474609375 0.6458333333333334 0.64453125 0.80078125 0.6513671875 0.8072916666666666
26 0.39453125 0.73046875 0.3984375 0.7252604166666666 0.400390625 0.57421875 0.3974609375 0.5703125 0.3173828125 0.5703125 0.3125 0.7252604166666666 0.3154296875 0.7291666666666666 0.3486328125 0.7317708333333334
49 0.166015625 0.3841145833333333 0.2392578125 0.3802083333333333 0.2421875 0.3763020833333333 0.2373046875 0.22135416666666666 0.1572265625 0.22395833333333334 0.154296875 0.22786458333333334 0.15625 0.3606770833333333 0.158203125 0.3815104166666667
52 0.310546875 0.7278645833333334 0.314453125 0.5716145833333334 0.3056640625 0.5677083333333334 0.2333984375 0.5677083333333334 0.23046875 0.5716145833333334 0.228515625 0.7252604166666666
41 0.80859375 0.8059895833333334 0.8125 0.65234375 0.7333984375 0.6484375 0.728515625 0.8033854166666666 0.7353515625 0.8072916666666666
42 0.48046875 0.7278645833333334 0.484375 0.5716145833333334 0.4033203125 0.5677083333333334 0.3984375 0.7252604166666666 0.4052734375 0.7291666666666666
43 0.564453125 0.73046875 0.568359375 0.57421875 0.4873046875 0.5703125 0.484375 0.57421875 0.482421875 0.7252604166666666 0.4853515625 0.7291666666666666
36 0.353515625 0.3815104166666667 0.4091796875 0.3802083333333333 0.412109375 0.3763020833333333 0.41015625 0.24348958333333334 0.4052734375 0.21875 0.3291015625 0.22135416666666666 0.32421875 0.22526041666666666 0.328125 0.37890625 0.3310546875 0.3828125
14 0.8125 0.69140625 0.810546875 0.8059895833333334 0.8896484375 0.8098958333333334 0.89453125 0.6549479166666666 0.8154296875 0.6510416666666666