40 0.2900390625 0.3125 0.3076171875 0.3932291666666667 0.349609375 0.3763020833333333 0.3310546875 0.296875
45 0.5283203125 0.734375 0.5234375 0.74609375 0.5458984375 0.7942708333333334 0.599609375 0.75390625 0.5791015625 0.7005208333333334
45 0.703125 0.19921875 0.701171875 0.20442708333333334 0.7080078125 0.21354166666666666 0.7490234375 0.2552083333333333 0.77734375 0.21223958333333334 0.7294921875 0.15885416666666666
47 0.6279296875 0.421875 0.625 0.4388020833333333 0.634765625 0.50390625 0.6767578125 0.4973958333333333 0.6796875 0.4830729166666667 0.669921875 0.4153645833333333
50 0.259765625 0.7799479166666666 0.2587890625 0.796875 0.3154296875 0.828125 0.333984375 0.7721354166666666 0.2763671875 0.7395833333333334
50 0.5927734375 0.8203125 0.58984375 0.8294270833333334 0.6083984375 0.90625 0.650390625 0.8893229166666666 0.6337890625 0.8072916666666666
51 0.3779296875 0.4895833333333333 0.375 0.49609375 0.38671875 0.5716145833333334 0.4306640625 0.5625 0.419921875 0.4830729166666667 0.4111328125 0.4791666666666667
52 0.70703125 0.3033854166666667 0.693359375 0.3528645833333333 0.7333984375 0.375 0.7578125 0.30078125 0.7177734375 0.2786458333333333
43 0.4453125 0.2903645833333333 0.4453125 0.30078125 0.4775390625 0.3333333333333333 0.515625 0.2669270833333333 0.4814453125 0.234375
19 0.1865234375 0.7838541666666666 0.189453125 0.80078125 0.2177734375 0.8567708333333334 0.2275390625 0.8541666666666666 0.2578125 0.8268229166666666 0.2236328125 0.7526041666666666
23 0.6708984375 0.0859375 0.66796875 0.12369791666666667 0.6728515625 0.14583333333333334 0.7255859375 0.14583333333333334 0.732421875 0.13932291666666666 0.7294921875 0.0859375
25 0.587890625 0.3033854166666667 0.5625 0.3763020833333333 0.6005859375 0.4010416666666667 0.62890625 0.3294270833333333 0.5947265625 0.3020833333333333
5 0.142578125 0.51171875 0.13671875 0.52734375 0.1708984375 0.5625 0.2109375 0.49609375 0.1826171875 0.4635416666666667 0.1748046875 0.4609375
34 0.5390625 0.2981770833333333 0.515625 0.36328125 0.5537109375 0.3880208333333333 0.58203125 0.31640625 0.5498046875 0.2916666666666667
38 0.7880859375 0.1875 0.78515625 0.19921875 0.7978515625 0.24479166666666666 0.8447265625 0.23177083333333334 0.857421875 0.22265625 0.8447265625 0.171875