18 0.48046875 0.12109375 0.484375 0.1337890625 0.51953125 0.17578125 0.609375 0.1337890625 0.5716145833333334 0.08203125
13 0.5208333333333334 0.4365234375 0.4921875 0.4619140625 0.54296875 0.5 0.6171875 0.4462890625 0.5690104166666666 0.404296875
13 0.6354166666666666 0.7236328125 0.6302083333333334 0.7333984375 0.63671875 0.73828125 0.71484375 0.771484375 0.7239583333333334 0.7666015625 0.7552083333333334 0.7236328125 0.6705729166666666 0.685546875
19 0.7421875 0.1025390625 0.7109375 0.1708984375 0.7799479166666666 0.193359375 0.8151041666666666 0.1181640625 0.75390625 0.095703125
21 0.6080729166666666 0.181640625 0.5989583333333334 0.1884765625 0.65234375 0.2578125 0.6705729166666666 0.25390625 0.7161458333333334 0.2314453125 0.6653645833333334 0.158203125
20 0.018229166666666668 0.5009765625 0.013020833333333334 0.5283203125 0.016927083333333332 0.53125 0.13151041666666666 0.54296875 0.1484375 0.4873046875 0.14192708333333334 0.482421875 0.02734375 0.470703125
22 0.4479166666666667 0.7216796875 0.4440104166666667 0.744140625 0.5455729166666666 0.759765625 0.5651041666666666 0.7060546875 0.4622395833333333 0.6875
24 0.23567708333333334 0.748046875 0.22916666666666666 0.7568359375 0.2747395833333333 0.82421875 0.3463541666666667 0.7998046875 0.30078125 0.724609375
17 0.5846354166666666 0.341796875 0.5755208333333334 0.3486328125 0.578125 0.3564453125 0.64453125 0.41015625 0.6979166666666666 0.3740234375 0.6979166666666666 0.3681640625 0.6315104166666666 0.3125
15 0.5716145833333334 0.61328125 0.5729166666666666 0.6298828125 0.5924479166666666 0.66796875 0.6875 0.6435546875 0.66796875 0.58984375
25 0.3489583333333333 0.4775390625 0.3098958333333333 0.5107421875 0.3919270833333333 0.56640625 0.4375 0.5302734375 0.4401041666666667 0.5224609375 0.3658854166666667 0.470703125
0 0.296875 0.1728515625 0.2981770833333333 0.185546875 0.3684895833333333 0.20703125 0.4088541666666667 0.1298828125 0.3346354166666667 0.10546875
0 0.7278645833333334 0.28515625 0.71875 0.2939453125 0.7825520833333334 0.35546875 0.8359375 0.3232421875 0.8333333333333334 0.3134765625 0.77734375 0.2578125
8 0.1484375 0.5361328125 0.14192708333333334 0.5703125 0.2513020833333333 0.587890625 0.2734375 0.5322265625 0.16276041666666666 0.509765625
9 0.41015625 0.81640625 0.4244791666666667 0.8935546875 0.4309895833333333 0.896484375 0.4986979166666667 0.884765625 0.484375 0.8056640625
10 0.2994791666666667 0.3154296875 0.2916666666666667 0.3291015625 0.3528645833333333 0.365234375 0.421875 0.2998046875 0.3580729166666667 0.26171875
11 0.3151041666666667 0.4130859375 0.31640625 0.42578125 0.3997395833333333 0.46484375 0.4088541666666667 0.4638671875 0.4453125 0.4208984375 0.44140625 0.4140625 0.3580729166666667 0.373046875 0.3489583333333333 0.3740234375
48 0.1171875 0.6103515625 0.1015625 0.6533203125 0.10546875 0.6640625 0.19921875 0.6796875 0.21614583333333334 0.6787109375 0.23307291666666666 0.62109375 0.13151041666666666 0.603515625 0.12369791666666667 0.603515625
47 0.16927083333333334 0.2275390625 0.15625 0.2490234375 0.2565104166666667 0.296875 0.296875 0.2490234375 0.2903645833333333 0.240234375 0.20182291666666666 0.197265625 0.19270833333333334 0.2001953125
49 0.29296875 0.6015625 0.2916666666666667 0.6123046875 0.31640625 0.68359375 0.390625 0.6689453125 0.3684895833333333 0.58984375
42 0.4557291666666667 0.1923828125 0.4270833333333333 0.2392578125 0.5143229166666666 0.279296875 0.5247395833333334 0.279296875 0.5572916666666666 0.2275390625 0.4674479166666667 0.1875
44 0.46875 0.3271484375 0.4401041666666667 0.3701171875 0.4401041666666667 0.3779296875 0.5065104166666666 0.40234375 0.5546875 0.3310546875 0.4934895833333333 0.302734375 0.484375 0.3056640625
34 0.6067708333333334 0.5380859375 0.6041666666666666 0.5458984375 0.6106770833333334 0.55078125 0.6731770833333334 0.564453125 0.7057291666666666 0.4892578125 0.63671875 0.47265625
36 0.6979166666666666 0.5673828125 0.6953125 0.5751953125 0.7018229166666666 0.580078125 0.7591145833333334 0.599609375 0.8020833333333334 0.5283203125 0.73828125 0.505859375
37 0.7734375 0.6845703125 0.7682291666666666 0.6962890625 0.7721354166666666 0.705078125 0.83203125 0.720703125 0.8697916666666666 0.6494140625 0.8033854166666666 0.630859375
31 0.4557291666666667 0.6044921875 0.4479166666666667 0.6279296875 0.4518229166666667 0.634765625 0.51953125 0.646484375 0.546875 0.5673828125 0.4752604166666667 0.5546875
26 0.6822916666666666 0.4189453125 0.6770833333333334 0.4287109375 0.6809895833333334 0.435546875 0.7643229166666666 0.46875 0.7994791666666666 0.4228515625 0.7903645833333334 0.4140625 0.71484375 0.3828125 0.703125 0.3896484375