27 0.1240234375 0.4635416666666667 0.130859375 0.5638020833333334 0.1376953125 0.5859375 0.2109375 0.5611979166666666 0.1943359375 0.4427083333333333
29 0.3310546875 0.7109375 0.328125 0.7174479166666666 0.3505859375 0.8567708333333334 0.4296875 0.8294270833333334 0.408203125 0.6940104166666666 0.4033203125 0.6848958333333334
36 0.5068359375 0.4140625 0.505859375 0.42578125 0.5361328125 0.5286458333333334 0.59765625 0.50390625 0.5654296875 0.3958333333333333
30 0.8369140625 0.3854166666666667 0.8798828125 0.4921875 0.9326171875 0.4739583333333333 0.9375 0.4674479166666667 0.8916015625 0.3671875
35 0.5537109375 0.12239583333333333 0.552734375 0.13151041666666666 0.5810546875 0.21354166666666666 0.6328125 0.19401041666666666 0.6044921875 0.11197916666666667
34 0.6083984375 0.10677083333333333 0.607421875 0.11848958333333333 0.6337890625 0.19270833333333334 0.6806640625 0.18229166666666666 0.6875 0.17578125 0.6572265625 0.09375
33 0.4990234375 0.13541666666666666 0.49609375 0.14973958333333334 0.5205078125 0.22916666666666666 0.5712890625 0.21614583333333334 0.578125 0.20963541666666666 0.5498046875 0.125
13 0.1982421875 0.4401041666666667 0.1953125 0.4466145833333333 0.20703125 0.54296875 0.2138671875 0.5598958333333334 0.283203125 0.53515625 0.2626953125 0.4192708333333333
40 0.2666015625 0.4192708333333333 0.2861328125 0.5364583333333334 0.35546875 0.51171875 0.3330078125 0.4010416666666667
42 0.2509765625 0.7395833333333334 0.2685546875 0.8880208333333334 0.349609375 0.8580729166666666 0.3271484375 0.7135416666666666
43 0.7783203125 0.40625 0.8212890625 0.515625 0.876953125 0.4908854166666667 0.875 0.4778645833333333 0.8330078125 0.3854166666666667
41 0.6669921875 0.6640625 0.662109375 0.6731770833333334 0.7041015625 0.8046875 0.7734375 0.7747395833333334 0.7294921875 0.6432291666666666
52 0.5947265625 0.6927083333333334 0.59375 0.7096354166666666 0.6318359375 0.8385416666666666 0.703125 0.8059895833333334 0.6591796875 0.6692708333333334
51 0.5224609375 0.7213541666666666 0.51953125 0.7356770833333334 0.5537109375 0.8723958333333334 0.62890625 0.83984375 0.5888671875 0.6979166666666666
26 0.5712890625 0.3958333333333333 0.5703125 0.4075520833333333 0.6005859375 0.5052083333333334 0.6640625 0.4830729166666667 0.6298828125 0.3776041666666667
26 0.3271484375 0.21614583333333334 0.326171875 0.23046875 0.3466796875 0.3125 0.408203125 0.29296875 0.3984375 0.24609375 0.3818359375 0.19791666666666666
10 0.2646484375 0.234375 0.265625 0.2591145833333333 0.2841796875 0.3333333333333333 0.345703125 0.3111979166666667 0.3212890625 0.21614583333333334
9 0.4404296875 0.4375 0.4677734375 0.5520833333333334 0.533203125 0.52734375 0.5029296875 0.4166666666666667
2 0.169921875 0.76953125 0.1796875 0.9075520833333334 0.1845703125 0.921875 0.267578125 0.8893229166666666 0.2470703125 0.7421875
23 0.2001953125 0.2526041666666667 0.2109375 0.33984375 0.2177734375 0.3541666666666667 0.28125 0.33203125 0.2587890625 0.234375
16 0.7177734375 0.4244791666666667 0.716796875 0.4440104166666667 0.7548828125 0.5390625 0.81640625 0.51171875 0.7763671875 0.40625