49 0.701171875 0.37890625 0.6982421875 0.4036458333333333 0.7783203125 0.4348958333333333 0.810546875 0.28515625 0.7314453125 0.2526041666666667
50 0.80859375 0.3033854166666667 0.779296875 0.4388020833333333 0.8564453125 0.4739583333333333 0.8671875 0.44921875 0.892578125 0.3216145833333333 0.8212890625 0.2890625 0.8134765625 0.2890625
52 0.130859375 0.23828125 0.091796875 0.3528645833333333 0.1455078125 0.390625 0.1669921875 0.3984375 0.216796875 0.2565104166666667 0.1455078125 0.2109375
41 0.171875 0.38671875 0.169921875 0.3997395833333333 0.1748046875 0.40625 0.2451171875 0.4453125 0.294921875 0.3033854166666667 0.2177734375 0.2578125
42 0.2578125 0.4075520833333333 0.24609375 0.44140625 0.2509765625 0.4505208333333333 0.3173828125 0.4921875 0.3251953125 0.4921875 0.375 0.3502604166666667 0.2978515625 0.3020833333333333
43 0.318359375 0.7981770833333334 0.3134765625 0.8854166666666666 0.400390625 0.8971354166666666 0.412109375 0.7513020833333334 0.4091796875 0.7291666666666666 0.3271484375 0.7213541666666666
8 0.828125 0.8268229166666666 0.826171875 0.8450520833333334 0.8330078125 0.8515625 0.9072265625 0.8958333333333334 0.95703125 0.7486979166666666 0.8916015625 0.703125 0.8759765625 0.6979166666666666
9 0.9140625 0.87890625 0.9130859375 0.8958333333333334 0.9814453125 0.9401041666666666 0.9912109375 0.9401041666666666 1 0.9127604166666666 1 0.7669270833333334 0.9599609375 0.7447916666666666
3 0.224609375 0.8424479166666666 0.2255859375 0.875 0.3095703125 0.8854166666666666 0.32421875 0.7200520833333334 0.2392578125 0.7083333333333334
30 0.138671875 0.81640625 0.1396484375 0.8645833333333334 0.2216796875 0.8723958333333334 0.236328125 0.7096354166666666 0.1513671875 0.6979166666666666
26 0.615234375 0.3502604166666667 0.61328125 0.37109375 0.6181640625 0.375 0.6943359375 0.4010416666666667 0.728515625 0.2513020833333333 0.6513671875 0.21614583333333334 0.64453125 0.22786458333333334