27 0.423828125 0.7096354166666666 0.494140625 0.65234375 0.494140625 0.6419270833333334 0.4326171875 0.5104166666666666 0.4091796875 0.5234375 0.35546875 0.56640625 0.4140625 0.7096354166666666
32 0.19921875 0.5143229166666666 0.275390625 0.4622395833333333 0.2216796875 0.3307291666666667 0.14453125 0.37890625 0.1875 0.50390625 0.1923828125 0.5130208333333334
33 0.28125 0.45703125 0.353515625 0.41015625 0.3515625 0.3971354166666667 0.2998046875 0.28125 0.224609375 0.3268229166666667 0.224609375 0.3346354166666667 0.271484375 0.44921875 0.2763671875 0.4583333333333333
35 0.4375 0.3580729166666667 0.501953125 0.31640625 0.501953125 0.3059895833333333 0.4462890625 0.1953125 0.37890625 0.23567708333333334 0.37890625 0.24348958333333334 0.4296875 0.35546875
40 0.24609375 0.84765625 0.328125 0.7825520833333334 0.328125 0.7747395833333334 0.283203125 0.66015625 0.2666015625 0.6276041666666666 0.18359375 0.6888020833333334 0.234375 0.8372395833333334 0.2412109375 0.8489583333333334
48 0.720703125 0.80078125 0.7822265625 0.7526041666666666 0.791015625 0.7408854166666666 0.7421875 0.63671875 0.7177734375 0.59375 0.6552734375 0.6380208333333334 0.646484375 0.65234375 0.70703125 0.78515625 0.7158203125 0.8020833333333334
0 0.5 0.6471354166666666 0.572265625 0.5872395833333334 0.5068359375 0.4557291666666667 0.4833984375 0.46875 0.43359375 0.5091145833333334 0.4921875 0.6393229166666666 0.4970703125 0.6484375
8 0.796875 0.73828125 0.8603515625 0.6875 0.86328125 0.6809895833333334 0.798828125 0.55078125 0.7919921875 0.5416666666666666 0.7861328125 0.5416666666666666 0.7255859375 0.5859375 0.720703125 0.5950520833333334 0.7890625 0.7356770833333334
1 0.611328125 0.37109375 0.6708984375 0.3307291666666667 0.677734375 0.3216145833333333 0.6162109375 0.20572916666666666 0.55078125 0.24869791666666666 0.5546875 0.26953125 0.6015625 0.36328125
2 0.68359375 0.3216145833333333 0.7412109375 0.2838541666666667 0.7421875 0.2721354166666667 0.6806640625 0.16666666666666666 0.619140625 0.20703125 0.669921875 0.3059895833333333 0.6806640625 0.3229166666666667
3 0.75 0.27734375 0.7978515625 0.24739583333333334 0.806640625 0.23567708333333334 0.751953125 0.13932291666666666 0.7451171875 0.13020833333333334 0.7392578125 0.13020833333333334 0.6884765625 0.16145833333333334 0.685546875 0.17057291666666666 0.744140625 0.27734375
4 0.814453125 0.23828125 0.8642578125 0.20572916666666666 0.869140625 0.19661458333333334 0.81640625 0.10807291666666667 0.8037109375 0.09375 0.748046875 0.13151041666666666 0.806640625 0.23567708333333334
13 0.3359375 0.77734375 0.4140625 0.7122395833333334 0.3525390625 0.5677083333333334 0.3037109375 0.5989583333333334 0.271484375 0.6263020833333334 0.326171875 0.7721354166666666 0.3310546875 0.7786458333333334
21 0.638671875 0.8684895833333334 0.71484375 0.8059895833333334 0.6455078125 0.6510416666666666 0.568359375 0.7044270833333334 0.568359375 0.71484375 0.59375 0.77734375 0.630859375 0.86328125
26 0.359375 0.4075520833333333 0.4296875 0.3606770833333333 0.42578125 0.3450520833333333 0.3740234375 0.23697916666666666 0.302734375 0.2799479166666667 0.3515625 0.3997395833333333 0.3564453125 0.4088541666666667