18 0.33203125 0.8502604166666666 0.3359375 0.84765625 0.33984375 0.66015625 0.2412109375 0.65625 0.23828125 0.66015625 0.234375 0.8424479166666666 0.2392578125 0.8489583333333334
19 0.435546875 0.8502604166666666 0.439453125 0.8059895833333334 0.44140625 0.6627604166666666 0.4384765625 0.6588541666666666 0.4013671875 0.65625 0.3447265625 0.65625 0.33984375 0.6653645833333334 0.3359375 0.8450520833333334 0.3388671875 0.8489583333333334 0.3857421875 0.8515625
20 0.537109375 0.8528645833333334 0.541015625 0.6627604166666666 0.4443359375 0.6588541666666666 0.44140625 0.6653645833333334 0.4375 0.84765625 0.4912109375 0.8541666666666666
23 0.1875 0.4127604166666667 0.19140625 0.4075520833333333 0.19140625 0.23046875 0.1865234375 0.2265625 0.0927734375 0.22916666666666666 0.08984375 0.23307291666666666 0.08984375 0.41015625 0.0927734375 0.4140625
24 0.291015625 0.4127604166666667 0.29296875 0.23046875 0.2880859375 0.2265625 0.1962890625 0.2265625 0.193359375 0.23046875 0.19140625 0.41015625 0.1943359375 0.4140625
25 0.384765625 0.4127604166666667 0.39453125 0.4075520833333333 0.39453125 0.22786458333333334 0.3916015625 0.22395833333333334 0.2958984375 0.22395833333333334 0.294921875 0.41015625
17 0.9140625 0.3111979166666667 0.919921875 0.3059895833333333 0.91796875 0.12890625 0.9130859375 0.125 0.8232421875 0.125 0.822265625 0.3059895833333333 0.8251953125 0.3098958333333333
28 0.75390625 0.7200520833333334 0.755859375 0.53515625 0.6572265625 0.53125 0.654296875 0.53515625 0.654296875 0.71484375 0.6630859375 0.7213541666666666
29 0.8515625 0.7174479166666666 0.853515625 0.53515625 0.8486328125 0.53125 0.7587890625 0.53125 0.755859375 0.53515625 0.755859375 0.71484375 0.7587890625 0.71875
30 0.951171875 0.7200520833333334 0.953125 0.5377604166666666 0.8564453125 0.5338541666666666 0.853515625 0.7174479166666666 0.8681640625 0.7213541666666666
31 0.623046875 0.3033854166666667 0.625 0.12109375 0.6220703125 0.1171875 0.5283203125 0.1171875 0.525390625 0.12369791666666667 0.52734375 0.3033854166666667
44 0.720703125 0.3059895833333333 0.724609375 0.30078125 0.724609375 0.12630208333333334 0.6904296875 0.11979166666666667 0.6298828125 0.11979166666666667 0.626953125 0.12369791666666667 0.625 0.18880208333333334 0.625 0.30078125 0.6357421875 0.3072916666666667
4 0.8203125 0.30859375 0.8203125 0.12890625 0.8134765625 0.125 0.7255859375 0.125 0.724609375 0.3059895833333333 0.7314453125 0.3098958333333333