34 0.2470703125 0.7421875 0.244140625 0.7565104166666666 0.2841796875 0.9010416666666666 0.3671875 0.8502604166666666 0.3232421875 0.7005208333333334
35 0.3291015625 0.6953125 0.328125 0.71484375 0.3681640625 0.8489583333333334 0.3759765625 0.8489583333333334 0.44921875 0.80078125 0.4033203125 0.6536458333333334
36 0.4072265625 0.6458333333333334 0.404296875 0.6549479166666666 0.4521484375 0.796875 0.52734375 0.7486979166666666 0.4775390625 0.6041666666666666
31 0.0791015625 0.5520833333333334 0.076171875 0.5611979166666666 0.1064453125 0.6901041666666666 0.1220703125 0.6875 0.1875 0.6471354166666666 0.1513671875 0.5130208333333334
4 0.1572265625 0.5104166666666666 0.154296875 0.5169270833333334 0.1904296875 0.6458333333333334 0.265625 0.6028645833333334 0.2275390625 0.4713541666666667
44 0.2333984375 0.4661458333333333 0.23046875 0.47265625 0.23828125 0.50390625 0.2685546875 0.5989583333333334 0.34375 0.5559895833333334 0.3037109375 0.4296875
49 0.5595703125 0.3645833333333333 0.5546875 0.37890625 0.6025390625 0.4895833333333333 0.671875 0.4466145833333333 0.6201171875 0.3333333333333333
22 0.6259765625 0.328125 0.623046875 0.3372395833333333 0.6728515625 0.4479166666666667 0.73828125 0.41015625 0.73828125 0.40234375 0.6865234375 0.296875
26 0.6904296875 0.2916666666666667 0.6875 0.2981770833333333 0.7412109375 0.40625 0.8046875 0.37109375 0.7509765625 0.2604166666666667
25 0.6318359375 0.59375 0.62890625 0.6080729166666666 0.6865234375 0.7395833333333334 0.759765625 0.6888020833333334 0.6982421875 0.5546875
14 0.7041015625 0.5494791666666666 0.703125 0.5638020833333334 0.7607421875 0.6875 0.830078125 0.6419270833333334 0.7685546875 0.5104166666666666
15 0.7705078125 0.5078125 0.76953125 0.5143229166666666 0.8310546875 0.6380208333333334 0.8984375 0.5924479166666666 0.8349609375 0.46875
16 0.8388671875 0.4609375 0.833984375 0.4674479166666667 0.8994140625 0.5911458333333334 0.962890625 0.5481770833333334 0.9609375 0.5377604166666666 0.8955078125 0.4244791666666667
12 0.3876953125 0.2265625 0.388671875 0.24088541666666666 0.4287109375 0.3385416666666667 0.4814453125 0.3125 0.494140625 0.30078125 0.4521484375 0.1953125
1 0.4560546875 0.19010416666666666 0.453125 0.19921875 0.4951171875 0.3020833333333333 0.55859375 0.2669270833333333 0.5546875 0.24869791666666666 0.5146484375 0.16145833333333334
2 0.5224609375 0.15625 0.517578125 0.16796875 0.5615234375 0.265625 0.623046875 0.23046875 0.5771484375 0.13020833333333334
3 0.5810546875 0.125 0.578125 0.13151041666666666 0.6259765625 0.22916666666666666 0.685546875 0.19401041666666666 0.681640625 0.17838541666666666 0.6357421875 0.09635416666666667