20 0.2216796875 0.23697916666666666 0.220703125 0.3580729166666667 0.2841796875 0.359375 0.283203125 0.23828125
21 0.2861328125 0.23958333333333334 0.28515625 0.3580729166666667 0.3486328125 0.3619791666666667 0.349609375 0.24348958333333334 0.3447265625 0.23697916666666666
22 0.3505859375 0.23697916666666666 0.3515625 0.3580729166666667 0.4150390625 0.359375 0.416015625 0.24088541666666666 0.4111328125 0.234375
46 0.765625 0.51953125 0.763671875 0.6341145833333334 0.8291015625 0.6380208333333334 0.83203125 0.51953125
47 0.83203125 0.5221354166666666 0.83203125 0.63671875 0.8916015625 0.640625 0.896484375 0.5221354166666666
48 0.896484375 0.52734375 0.89453125 0.6393229166666666 0.9560546875 0.6432291666666666 0.9609375 0.5247395833333334 0.8994140625 0.5208333333333334
49 0.5107421875 0.28125 0.509765625 0.3997395833333333 0.5732421875 0.4010416666666667 0.57421875 0.2825520833333333
50 0.5771484375 0.2786458333333333 0.57421875 0.3971354166666667 0.6357421875 0.4010416666666667 0.638671875 0.2799479166666667
51 0.6416015625 0.2760416666666667 0.638671875 0.3971354166666667 0.7021484375 0.3984375 0.705078125 0.2799479166666667
0 0.0849609375 0.5130208333333334 0.08203125 0.5533854166666666 0.0859375 0.6341145833333334 0.1474609375 0.6328125 0.150390625 0.60546875 0.146484375 0.5143229166666666
5 0.1513671875 0.5104166666666666 0.150390625 0.62890625 0.2138671875 0.6302083333333334 0.212890625 0.51171875
6 0.2177734375 0.5078125 0.212890625 0.5143229166666666 0.216796875 0.62890625 0.2783203125 0.6276041666666666 0.27734375 0.5091145833333334
37 0.4677734375 0.6015625 0.46484375 0.72265625 0.5283203125 0.7239583333333334 0.529296875 0.60546875
38 0.5302734375 0.6041666666666666 0.529296875 0.72265625 0.5322265625 0.7265625 0.5927734375 0.7265625 0.59375 0.6080729166666666 0.5908203125 0.6041666666666666
39 0.5966796875 0.6015625 0.591796875 0.6080729166666666 0.59375 0.72265625 0.5966796875 0.7265625 0.6572265625 0.7265625 0.66015625 0.7174479166666666 0.658203125 0.60546875 0.6533203125 0.6015625
7 0.2802734375 0.5078125 0.28125 0.6263020833333334 0.3408203125 0.6276041666666666 0.3447265625 0.625 0.34375 0.5091145833333334 0.3408203125 0.5052083333333334
8 0.3447265625 0.5078125 0.345703125 0.6236979166666666 0.3486328125 0.6276041666666666 0.4072265625 0.625 0.41015625 0.62109375 0.408203125 0.5065104166666666 0.4013671875 0.5026041666666666