31 0.08203125 0.3346354166666667 0.080078125 0.4934895833333333 0.1669921875 0.4947916666666667 0.16796875 0.3346354166666667
34 0.1953125 0.6315104166666666 0.193359375 0.79296875 0.2783203125 0.796875 0.28125 0.6315104166666666
35 0.283203125 0.6341145833333334 0.28125 0.79296875 0.3662109375 0.796875 0.37109375 0.6341145833333334
36 0.373046875 0.62890625 0.37109375 0.7903645833333334 0.4560546875 0.7942708333333334 0.458984375 0.62890625
12 0.505859375 0.13932291666666666 0.505859375 0.2981770833333333 0.5888671875 0.2994791666666667 0.58984375 0.13671875
1 0.5947265625 0.13541666666666666 0.591796875 0.2955729166666667 0.6748046875 0.2994791666666667 0.6796875 0.29296875 0.677734375 0.13932291666666666
2 0.6787109375 0.13802083333333334 0.6796875 0.2981770833333333 0.7646484375 0.296875 0.76171875 0.13932291666666666
3 0.7646484375 0.13541666666666666 0.765625 0.29296875 0.8505859375 0.2942708333333333 0.84765625 0.13671875
4 0.169921875 0.3346354166666667 0.16796875 0.4934895833333333 0.2529296875 0.4947916666666667 0.255859375 0.3372395833333333 0.2470703125 0.3307291666666667
44 0.2587890625 0.3307291666666667 0.255859375 0.4908854166666667 0.3427734375 0.4947916666666667 0.345703125 0.3346354166666667
49 0.6259765625 0.421875 0.625 0.5794270833333334 0.6318359375 0.5859375 0.7119140625 0.5833333333333334 0.712890625 0.42578125
22 0.7138671875 0.421875 0.71484375 0.58203125 0.7978515625 0.5833333333333334 0.798828125 0.42578125
26 0.7998046875 0.421875 0.80078125 0.58203125 0.8837890625 0.5833333333333334 0.884765625 0.42578125 0.8388671875 0.4192708333333333
25 0.6064453125 0.7083333333333334 0.603515625 0.73046875 0.607421875 0.8736979166666666 0.6923828125 0.875 0.693359375 0.7122395833333334
14 0.6943359375 0.7083333333333334 0.6953125 0.87109375 0.7177734375 0.875 0.7802734375 0.8697916666666666 0.779296875 0.7096354166666666
15 0.7822265625 0.7057291666666666 0.78125 0.8658854166666666 0.7880859375 0.8723958333333334 0.8662109375 0.8671875 0.865234375 0.70703125
16 0.8662109375 0.7005208333333334 0.869140625 0.86328125 0.8916015625 0.8671875 0.9541015625 0.8619791666666666 0.951171875 0.7018229166666666